7.94714407681292	4.236241973752733	3.5814791806352315
2.811498408007136	-4.72928528410581	7.868557828313876
5.0310509541764	-3.8385921565711043	1.817347542879575
5.217023634621505	-6.335563363921524	4.25702579643387
-5.793922278004058	6.592755280899319	5.978881266454061
-6.9341948572671415	1.2731338897632514	10.990824720505415
3.1203770427036828	-3.151698928335288	-3.8245132390251437
9.822369490064657	-7.190219438049832	7.433279453615211
-8.106014057235889	-1.2161022977038292	-7.08290718777866
6.281996341980843	8.359346948245058	2.477884513778539
3.8576854644496192	-3.5678753302951622	-2.4360914019970177
-8.2342670881201	-4.100384544280809	-2.540851616890837
5.8049780323372335	6.341443525582537	-2.9960013589475696
-3.861955809304553	-6.723153327186858	-6.212442877667041
-1.9754701207654484	-3.0782290893939983	-1.9132218606983957
8.170138525733512	-1.9983118478717183	-4.931332284760758
0.19621939830890345	9.946629415017926	-1.1031134119238974
1.7194270369568243	5.95153865723778	5.731810675371204
-0.10432095244556316	-5.9278424310020315	-6.593521148712809
0.8727565498941654	1.633191935154265	8.850051206452079
-6.3031726034513005	-4.446978172427673	0.7759527442296795
3.0976325246510035	-8.4296700818077	-13.532277295763915
-2.2693413478352307	-7.001883448415485	-4.607822109853401
4.228537749616187	-10.188577101662567	-8.569357171881466
2.657215504069355	9.314170923681273	4.455541592052934
-10.594233769509623	6.287222130250191	-2.0505602923263533
-11.859907070171696	8.209893384157084	-5.68461033947092
6.350088099017634	3.316545075267235	7.344416406571704
-4.845902547856487	-9.729199962545946	-2.814695043280984
-3.228724542880229	-2.068983579911646	13.511723532088919
13.169267383390933	-8.140030733297415	-4.703525902704364
-4.334085706196313	4.173242126066416	4.431745924167695
2.5279864125216887	10.504686907765757	-1.089384042731116
10.2812738184801	1.4695040076778312	1.7208465195095641
8.457340835496007	8.045694604018678	7.603269706215579
-8.48326828953638	-2.808310724056385	8.751761789238275
-3.104128270899771	-5.305334760640804	-1.7278820848982521
2.5639788396460284	1.4184541243365265	1.369118269607285
6.883073167534619	-7.2876214167081175	-5.559684657946176
-4.030905870806032	-3.03009461780935	-2.5988247136104747
-8.863954041097971	-8.006349182330275	9.753003928814868
-9.094500602941558	-2.210049879023846	7.6903904802205725
1.3755154453603478	5.855437792252658	4.640035474767109
1.7385711745598245	-2.5796420316384374	-4.699420411998263
-3.5798093728824556	2.044265937215139	-3.8893117407589233
-2.5859728525766066	7.066278798374203	-4.831842958039105
6.981331374440208	4.359386834640931	11.254609871944789
3.745147088107621	2.8574730202841696	5.945994670753955
-1.8293643915178126	-3.145010675806113	-7.136404002274503
-1.1484581720320932	2.307868467625591	-3.8101110754967284
-5.262332533542504	3.251011386742718	5.05236270103949
5.126778246681915	4.145078165614286	-5.952230702352553
-1.415894458714974	-3.8207458745961063	-5.019103844635784
0.31663585995500126	-6.759360046787104	7.4293331687529935
5.3366123781734185	2.3380120023360877	3.558236330891568
-1.8618414951993991	-3.5713510538169535	5.600054401563913
-4.35228661712016	1.5539494495458963	3.9021090941094765
-8.042387494917435	2.8150625368424884	-4.256391939537674
-8.55527108980092	5.423105081147929	-3.109190333766371
1.4277512565686827	-10.989518443795506	4.763773343713032
10.792030228211694	5.0648607266564305	-5.066874472611372
-2.3034299934050786	10.098557935923662	2.9658523008960223
-7.203140890661773	-2.721007237751276	-5.020399297658795
2.0735823364385157	-6.626050049134155	-4.472982659938139
3.563064436462863	4.793293106289683	-10.813154418504451
1.7019181130285004	7.88962593166461	4.579162222390159
1.6827344096752488	-3.769047071153779	-0.34593773356850055
6.368713650183537	-2.5377154660976933	3.3433720740221675
-7.177925232120803	-7.640958841528452	-5.490296390668116
3.1394905489748886	-3.733908786859453	4.7372675933649555
4.704800251007835	4.709417425816549	7.500494861196193
3.5309847112458757	5.516316244607246	-7.1577489040690585
3.088222096387097	-9.099213878450291	-3.398881660029412
10.900538174490215	-9.428860563897253	-8.140203766992803
9.126832939878986	-8.334979351202488	-5.488593098513058
-5.786221932242558	5.964280763328595	1.698800000804476
5.60285541378373	-3.898581045209695	-6.482936051842102
-6.087827650642477	-3.293195488576779	-2.8865264534744632
-5.4355703366828925	8.758801699976418	-5.394053738590707
-4.6472473174513675	-7.669826619954006	-12.494312999046063
-7.005314678284724	2.030915712777917	4.2689273148733795
-4.334813162573088	-4.536078240906239	-2.509079406312681
-8.255103624515762	5.499514688095482	2.071105379237981
3.426503125507494	3.3796750297230114	3.242333259479652
6.7152593591337935	-3.3843240137501422	1.0897069245768185
4.011519536525353	-9.08995578733976	2.452898239652166
-3.9909666491177482	9.070636188157048	-6.522317110301713
-9.104082895409544	3.986562008310781	-7.355982013911652
-7.086241893860988	-1.1669526175009366	-5.261646820328534
3.5205216598616635	-3.25294984630281	1.7853658718534444
10.797039382690599	6.062068044642804	-5.788344081213456
8.757105845999599	-7.6126961142329295	-7.8617114882220305
-2.8515153647338845	-5.813772030718371	5.218688816692889
-5.925538969143046	-6.808623721328114	-0.9741094800332035
-7.748502878559302	-7.57820439869237	5.043468428781908
6.9160643337531935	-8.273321342890336	-10.879357938621055
8.632753694225082	-9.385309428115395	3.7676447080501623
-7.926743519226762	-2.073818003705325	-0.8848632604499638
-6.325816442331404	4.727344378003902	-11.063640897225527
4.640520702092817	3.1676797873703997	-6.606881384690199
-3.981152288741755	-3.026155652686122	-1.3362884837739526
-0.3436404005930389	-6.94771260202032	-5.635946197492832
-4.787059661674485	-3.334073780241141	-5.418450712258517
-10.037025079384277	4.180969213904746	4.55683308689934
8.007184888096432	2.895440862894351	8.199370027942019
5.7063521924966425	4.690279472917697	8.85388909431477
12.34858558345491	-2.035350532461507	4.458267666298945
-2.4008201497442347	-3.525503550447806	8.854705699336913
-4.923266395427489	-1.9457100120613866	6.837380172749744
2.484902616457683	0.8033399518247093	3.521066138355705
-5.53110572406361	1.647282947495589	3.566577864311429
3.355509863652752	-6.4513565981265435	-2.9908344476115425
3.641360672510869	7.108879355972537	1.8884202949194477
-7.29538090088328	-0.8660957399891022	-3.7448696858822466
-4.882731894843777	-5.086872942551584	10.091176517500848
-16.599757836025173	3.3536128656604745	5.341455507646917
-2.6404740278766115	5.1204043924743345	3.6478819051373654
-7.690266097251818	6.008163418916811	-0.8633862670633212
-9.948728910074545	0.8372614342219284	4.211148849961352
-6.456270522675544	5.01717916418961	-3.3431573674745176
4.63685478898156	5.295472612084219	5.8680104737356995
10.582967944011896	-4.3743910176325524	3.5363483601839443
-1.5174208283355115	-1.7923519125209466	-1.6767328383215576
9.805677341962555	7.837578987587592	-2.740472811707195
-6.535229530020252	14.53134650972096	5.921278772890021
7.530964381502697	-2.2303013417831337	-4.260942059850391
-1.1416659093770274	9.705109825913704	-4.17802318531092
-4.010607179304142	4.354835173411383	4.473016816387568
2.287417713379604	-5.962940530998544	4.786374354109582
4.215636291820281	-5.52661423614627	4.537976562276081
2.0145168033084424	4.684612910835342	-3.357673857720517
1.8933243214626556	4.043897172707998	1.8392927294738926
4.91955548864817	2.627393709420861	-6.3792960299330055
7.427230369276067	1.4118017703764991	-5.572282500205387
-2.487347733523819	-3.581457907304532	9.38128290419934
-4.206994746773308	-3.894438616140362	-6.640410359434384
-5.985678283779046	5.392099011094547	9.013217557364417
-8.164607769668114	-5.404241607074029	4.8547611422388695
15.149477073462876	6.069289798042241	10.677981727594112
10.637307262434305	2.1015579536166094	-1.5467493969802217
-7.69287975971064	-4.8232857055521405	9.9195102481502
0.6725864542182696	-5.064270257002161	5.601506090632631
3.823752592249541	-9.0406276757811	3.3070629110623813
-4.007702591997446	8.600293664355362	-4.164981127744815
5.3408939506871205	-1.7661756934283313	5.285740478478887
-2.5361041258962964	5.382320208325046	-3.94463237965217
-1.1896060590538045	6.459130895871361	5.631444055923992
7.063355845586233	5.558197928485555	-4.261205293196534
-7.247388589978507	-5.854376534344411	-4.131191932815428
11.013356706484503	1.8744128644184703	-2.770109664217127
-4.623818600911328	-4.1950791028447485	-3.867015764632631
5.334467724245497	3.996530980371008	-8.854405288825044
5.829914637405892	-1.0543191550602675	-2.1466287858085544
3.131541230584957	-5.11533050940841	5.710118257843574
-0.9782483558919572	3.8026155865873394	1.9763153388161345
7.571050881613685	6.398475927299452	-5.408541431410255
-4.664227110111897	5.095883419398379	-9.262806238859438
5.388428987383665	-3.126855117760948	-4.433693661811706
5.647099969812294	-6.078606796335064	-3.0311095523476825
-4.731202183707254	9.999308577512647	-3.0142459730267124
7.527064471174187	-7.377820409325736	8.428202125245411
-2.508297730702635	-4.661219654672926	-5.779251863439573
5.542673187562366	-6.55338020976141	-6.103999207502241
-3.1603149970108086	2.2757587425117585	3.4751421559119176
4.547795678630445	-0.48857648676472853	6.363490697379478
-3.5910182624482734	5.583765333779717	9.53875723028878
2.5102788881768636	-5.421649228745724	6.871451938010929
-1.7559834823733087	2.7389285799118324	6.738437321429532
6.278172372454169	5.425098545088768	-2.1159233395885355
7.929314823968168	-6.871237273417085	-2.4422118288892944
8.006757710453144	4.540787865701978	-2.2226959260444854
2.9995532734229537	2.892948157044858	3.676646318264985
-9.891404179764649	4.324573526345127	-2.8854854878696927
2.5892461743161497	-3.831612680453586	7.6555637227147
8.032679112655282	-3.8887432043503574	-5.977509418873889
-2.8314287263816116	7.014178490276504	-6.258789704765762
-5.805424470073209	-5.851413184452853	-4.8985107911216135
-9.628004368070124	7.796686537692717	-4.836585368734914
-3.147404153513021	13.030741748579002	-4.119448859592387
-6.193754461277682	-5.175379877098952	6.206955273920865
1.4928562870384976	-4.699379887195554	5.484681539391972
-4.01990759746833	4.417188231193733	-4.2248342344920475
-3.2620940118260524	-4.116157641438341	7.240617735480715
-1.6815211041080578	-4.585326525522003	-5.318973947467312
-4.148163493774768	-8.4601890748403	-10.462308605685113
6.6552890482796725	-3.3279783291405645	-9.43115152436078
2.9188782478640243	7.411433492994286	-10.087055894524234
7.82856983114624	3.3327937491865125	7.507437850039083
-4.821743692292194	3.1002340702498246	3.625836524626211
6.86706630541116	0.8928439916096818	-7.413271988789251
-3.5447012204458415	-5.856946707589659	-0.9322976005622359
12.075501575760915	-4.602309842147026	7.488788157748167
7.934331359236811	3.8414863911394295	-3.796798715882334
7.121220113257277	-5.788049723113922	-8.25722244137556
2.799586222193813	6.074474988648162	-2.771111031423278
-1.773693513530347	-1.3065867462443745	9.046930324631559
1.777479543481057	-2.5142514916726366	-2.28491298781791
-5.842055549262279	-5.203657642673478	-4.31330047302808
0.926826217049435	7.904862079217453	-7.41179013507415
2.678267312526565	4.311582388311146	2.578265249569019
-1.4100942570580952	-10.661772979742532	5.455474564042177
3.756870654507391	7.552575285544731	6.11444113895097
-7.097826712728739	4.413594335797205	-3.5502537841931465
-1.7747318114189814	1.8073321354761103	4.000618484205425
5.894028886751819	6.580369842529644	4.932097060245266
8.713617631962205	3.7455584045212533	-5.62246177892297
3.6789056606610204	-2.7295683651535154	-9.009955064951084
-10.194019492045573	-1.7313703195421695	6.882381837065549
2.587346861517938	8.625323538254774	6.3309856377450515
-4.104511290794508	8.225381220856372	3.7079374709724404
-4.028559628116123	3.9674985232749758	5.704862442639986
7.358718395861871	-2.824871672740844	-3.9831723396303675
-8.951344223500499	-5.5631951801101245	4.976914373258369
11.905926716227066	7.261515494755074	5.211141892113019
-2.953134925269085	-6.110251340614226	4.906869199006722
-3.9142340607102737	-4.996860277090024	-3.8139617727627435
1.9068161876705185	-3.478886587989739	-9.159745745047825
10.66750998307729	-6.877113846443067	-6.663440653049665
-2.7733057108693773	1.0652506062434945	8.13071463047016
4.480974402137589	3.4256664030200388	-3.2012425762541206
-7.3204476691970575	4.315091444654565	-1.7896177834694664
-4.789693969495209	-6.397323943713085	-6.10585147792456
0.2814686482413112	-4.889765145708334	6.574288130644156
3.899864506099516	1.765319292475933	-3.999425649374152
5.182691319070181	3.3782805945446857	-4.834138391013558
-9.292288951614603	3.0985479102574023	5.854601511503719
-8.111139992765713	3.8129185966325	7.117051294525339
-7.784227912342839	-3.126739553976084	4.821776633678371
3.180593292717119	-9.464199185231758	6.930640248571068
8.425428038526004	-2.1080080622013666	-1.6903820788539692
5.909285840831527	8.784066844649416	3.4964195615669373
-2.66449629276751	-1.3214900730324046	3.084844440266886
6.364986887242282	1.5803503101945837	-6.527226264888629
6.646886674883039	8.071651908085943	-9.029817068140245
-2.6193706318346517	-4.337348942638112	-3.0407820404964663
2.133596823348537	7.102226538777924	9.27816908078958
-4.369199238703751	-8.651047762923787	8.03384405481252
2.3874767720132986	-4.532333329197328	-5.99251669605326
1.1324437243768228	-1.614876825202278	-1.1400914990870559
-5.008182521714453	5.696726867262252	-7.558336117146483
7.425858698538886	-2.4704278717909616	-8.05721936627129
-1.024358760768033	-4.77827453333289	-0.8785269183280069
6.687524179014779	0.45227481766798616	6.532661039111687
6.643004051598894	4.811166501197983	-4.966419007948838
4.526332010363713	-1.7977481370200183	7.790029168257656
4.63838674772066	-2.663536918423351	8.232695691839734
-6.053851396398125	-4.314764671851156	4.6252767208406995
4.143036071573534	-3.2783905006177774	2.4750041397444122
-13.199826437256037	-6.374381144568706	5.446095166662032
2.943052157701134	2.1577615132620607	9.818852038220879
5.873720990339648	-4.966564728606815	-3.6133228040262932
-2.8432982768260926	-9.201013125684495	3.6944740692620703
-1.7309469635870003	-5.508645877533139	5.141515179244972
4.929202219848032	-2.335023074911913	4.25517917653627
3.200605644442327	5.207523172565754	2.41205248623839
-1.65150495280536	5.262483536590028	4.497947635615065
-3.292405589236159	3.3830440099503134	-2.1226439422935
-4.833320121544768	-1.1772565686329515	-2.7076095585951765
3.9235516338280076	3.6027958257353103	4.5356847522692165
-3.9573916621485816	-8.868418027821086	0.6674297974488655
6.515381827222496	1.7033131718374848	8.288293339364305
10.869040208647448	-8.126116138911808	2.014422300271558
5.790241332790826	3.7629498757238764	1.3557466219054533
5.5151310147099935	7.120443871392353	6.212695705590557
-4.306163835537629	3.4604897675613397	-5.256550605366202
6.264844478199713	-3.702358627796847	-5.842095951465811
1.2735579157108448	2.3605549291174426	2.276244895357507
7.047602063469152	-2.664913584332307	2.460664262842783
2.0331871103833454	3.5357751899674454	-3.5085280517016777
-1.5854235131692898	5.721566590318276	-5.720474172030077
2.523071719345871	-3.0962669041459283	-9.296527642642815
2.0070402231975675	-4.8211651717337975	2.4847791509309913
2.8707154575704408	-3.5367194178348935	5.255982026103563
-6.323312488264241	-4.6091029279417395	5.926355664697268
3.4160961968329993	6.389987904143827	5.836078162526388
4.343591687201493	6.022983450287149	-5.513196636639709
-17.283476181086577	9.713313041040058	-0.2932335613345216
7.922251761723201	4.931795683645102	-6.811498652532893
6.639124393238246	-3.4663425593019204	10.187748034735135
-5.044789615984188	10.80110533822392	-1.7881091783662462
6.9519382838367125	-9.462607923663665	-2.238349223400426
5.027264377320449	-5.011182358738836	-0.9802832686066891
1.2431273512362548	5.728177210452051	-5.558547246396502
-6.775894151394863	8.996775843054898	-11.612820508223201
5.62724047737411	-4.293285301321063	2.0681102135654568
-7.346523633402742	-10.564801729527105	13.229516469502832
-2.7066277278847473	0.447050530287455	0.6506745533132804
4.960440068093993	3.994334983928949	10.331726327780839
4.844119956353641	13.766407696271246	4.634873668562112
-8.666025782673373	-1.0588331065212149	5.711839558276323
6.350836043239257	-8.595658406438123	-2.9696318498707255
4.207746124141635	-5.353746255053054	5.8714344867268276
7.184768139055385	4.535373653092885	-1.9307899514185842
4.7150750554359755	-4.87502330117204	5.187524831443517
-7.376082678696764	-4.138338626107537	-4.890218561087883
2.384201399638548	0.5044088171907299	-2.138974944885237
-7.439937279763538	9.319677062926848	-3.9975652316188897
-2.521703415971623	1.3254406900246942	-1.8079995911116105
-5.579929355006962	-8.509149010057447	4.904990073328172
10.122438698216069	-7.8638329787728605	3.8885943097106255
-4.503579341324746	-7.820871041276841	-6.340050045019454
-4.744464302739984	3.160738865364237	-9.972077241024744
-4.102381520239225	-3.3811166632372442	3.327061134716386
-1.638525930972881	2.5714652750145226	6.57533768410021
3.9329364843388204	-5.481357480559293	-7.058468598168274
1.3137244224126405	4.625946934735332	1.1262647042313834
3.3517079383079786	-7.0986430119233095	-3.3880318547096766
-5.096769293176465	6.795071423246971	1.0055594183884766
-3.9874319684752155	-8.952475655488712	-7.0817669901738665
6.699200738585184	4.590416705750463	-6.7283969829148855
4.2337027640045894	13.385163653550352	5.354716259182446
4.26507396011457	-7.960052373489816	-7.303084362558248
8.498045617102127	-8.138799209179657	1.841728351283541
8.876158984348994	4.553718368716584	3.7804799364451185
-6.8589098948583205	8.140538437761093	-10.63476146473427
-9.819267616256472	2.6050378071638187	4.100885901579707
-5.366006450192831	7.632515123271327	7.788759217633745
4.4102786173224375	7.760161222235042	3.7174371745883543
-8.108461580676947	-6.2154176158929575	4.703796827359633
2.4917225301016757	-2.2012721927436965	6.038832117549956
5.624942120698022	1.380210029828909	4.211128384780499
-8.340213702986148	3.3800134597724574	5.808356963924519
4.837880848384591	-6.471972711919445	3.0169737594607193
3.6185283579010066	-4.892526629898815	2.2982771984744517
3.298172554635877	7.398418666441231	-3.776928211280068
0.7510390375572473	1.0102784082888139	7.1835608839763445
9.433125651061866	-8.126466154256129	1.762921243452815
4.521294743021007	-2.5275087024924603	0.8042642038106753
-7.418923821730797	4.222889137717957	5.850960007765816
-10.443943316870154	-7.4739560246985075	-4.944018833067979
-4.554281781980275	-8.019380601044789	-4.407017256168157
3.3270474747709478	5.868515700876827	5.508705708245757
3.8730397281450486	-2.772075372754762	-4.175132037070364
5.000981477811854	-4.591020634101345	-8.983515675719836
8.287517796148286	-3.370464374486625	3.774828744332069
1.806622553021074	3.968060921102633	-3.307602585647936
3.915963836644642	5.475393822976929	-6.934660820605144
10.583048177419961	-7.481243128194621	-9.186484810164876
10.920659820669206	-3.6056189082442756	-6.180896785254492
-5.182938645247947	5.645641308679869	-7.092129820097826
3.7580363521666866	1.4390515974562474	1.4470668220988574
5.00486168824513	9.787936313569684	-6.627731723599916
3.7002933851838367	-4.408799736335644	3.8388337392795475
-4.900997757560677	8.97137064455209	-8.069424191203105
10.502098110419427	8.867334148165307	3.8671704329224794
5.63279491636861	-8.815624073082946	0.3718227291365222
-5.06331715673867	-3.8951528551880057	-5.618788918495225
2.414701568247275	3.2773245864815728	3.3066937773085994
2.0503681552477246	-5.308386007169933	2.4651872435071893
8.665432494373704	4.2646883976360765	-4.881177234706613
5.966425398072352	-10.308165769661505	5.575315196784499
-5.2129046881320305	10.805965998458927	-1.7040891493395256
-7.767213369080196	3.8747050313285922	-4.809189873003438
4.058752969248339	4.092195262072253	-7.495561856823011
1.8659383449775155	-2.4225208647054663	-4.191843704580176
2.4274237575449007	-0.8694415784786855	4.858963848330439
4.247564147805569	8.33761464492055	4.953569324121648
4.9630763605851005	4.396702662496705	3.4448697902965777
8.055844010444899	3.5329648870470147	10.592836912519491
4.27263560977798	-4.822942851466338	-2.634718646633445
1.5137506426521439	-0.9452089453511825	-4.31214048921741
-2.9833474577871986	3.0727361685684627	-2.509912008141406
-6.4880667754521095	2.345678273995604	-10.628006427795311
2.4036557722572063	8.153631191502951	8.104073340436736
7.55384601832029	4.8423004854697265	-8.619912553635052
10.189903796879845	4.632881086281118	-7.04444967057448
1.3509511616741277	-12.155364356953571	-11.214663288143326
-4.823733115613737	-5.602187018356151	1.919879592787887
1.113515086520523	-1.893602397698673	4.150809198409779
-6.4374289137559435	-5.111531687882354	-3.084005007838193
5.6810373696986485	4.800355017430196	-4.284656363466816
-6.8086296357818705	-4.413992826352372	-4.290163579702782
3.603047074292055	-6.367166120580624	-4.467011304101251
-4.192464931025759	-3.474756184870484	-5.256693631265355
-5.515248383444756	-4.306237451263414	10.754613515550288
5.0427998113787424	-5.126206066317606	9.088226032231384
4.2564881666611605	6.229753687398654	-5.689934535255104
-6.147028324553319	6.701966703710215	-7.297367875687908
3.615451003340788	-4.653105144769263	5.924388220555718
-10.439528196901199	4.3954148255162195	-3.912116263863551
-7.899897003932995	-10.171683425968615	-2.755102375097186
2.0493425680978103	-3.6605885458424074	5.09024463109402
4.67235365744028	-3.6652430095223623	-7.903149707387398
-3.7604942305010045	-2.213276334153764	-9.047084826481512
-2.4581525262313866	-4.303498815238171	8.469857888225578
2.9050284611165336	4.746834124933324	-8.079031671104339
5.724596990143437	3.685933483467396	-6.7702364764761835
1.6793179932944131	6.61201011408425	-1.830145129116558
-1.924189455035223	3.3339743183749784	-4.145227234302223
-5.204552777476753	3.9464678198565655	-5.024861369818935
-3.714913041695502	6.112225647828286	-1.271088921228737
-3.134216221719791	-1.979765198865037	7.704993572414774
9.914478741135845	-1.3741462786525158	10.94216946258147
3.349398025771538	-7.06132454752183	10.281936184514443
5.119723962861086	3.287041758565134	7.593468943317773
9.377808389377112	-4.066101290001441	5.8671889403945245
-8.203487472960889	-9.434876578638955	6.169712067039354
-2.7883356650292996	-3.890092138204216	9.813455078661084
7.9596135972339805	3.8919584070339464	-5.265944963792123
1.9004331699239725	-4.650136115159472	-6.35923033541318
7.6289003017710515	6.116618033102826	-3.728499885382947
4.65450114116512	2.8957540988968558	-4.870401047167498
-3.264450332401179	-2.816665848975166	3.9109008640757374
3.807038243276259	-4.54310953749037	-2.3903622396077027
3.588295200422904	5.371654431409691	-6.016525288302678
6.461492739943647	-2.429027693260043	11.412883585399623
3.5217789143704494	1.893010776405626	-1.5576289951390092
2.3076588701558323	1.5436254516016692	8.36301349091634
-4.47974488870348	11.123120813210981	7.452683211868552
-2.521293236780232	4.541841306287183	2.106916806529021
-7.800217011091854	5.4987126033450275	-2.7986599242882044
2.4964267302876686	4.888515960269202	5.213183446412532
-3.8123507980653275	7.886389929082548	-3.3803951486005768
4.788729879587109	6.046367210117016	-5.002211387963276
-4.127465490922603	-3.7615990659510117	-4.986537211374969
7.055800589341474	4.442613793805911	-10.44402592718477
5.865496325195639	3.4358797434028823	-3.2296874847141432
-6.088067906441108	8.716558028322488	2.702566298163626
5.426836749766535	5.005004342404794	-4.569028207326559
-3.9854569047160022	-7.065356944566508	-10.942219132826843
-3.5911924958924435	-5.909439369192033	4.42995944767613
3.6461113558964713	6.727770601844286	8.767597850656866
-2.8238361196722463	-3.033039411800166	4.9980918176503675
1.1846042308608054	1.9829702612943014	-11.69109189214975
-7.026911331693346	-3.717537139178069	2.4371056026588778
7.293683783692927	6.049033260242964	-5.90225725312549
-3.1401748078764653	4.634332302254094	-4.829073084162742
-3.420608286534029	-1.9471137666143592	4.371742159150164
-1.5688509861796645	0.507006316549986	-4.03701379403154
-3.7714993127504295	0.08268502513634554	-2.733723689255716
-5.8664618839461795	-6.536853622915959	-5.203646565426554
5.498582954186931	4.370931582895475	1.8195288716331712
-5.077880941039958	2.3240566330966326	1.8240388113121744
4.87819433747446	-5.493828243059315	-1.9891632161173134
6.664083922202519	-2.3860107269781152	-2.5715648578906607
-1.5207575818579824	-9.020386982152601	1.8777835113139152
-12.267660276732725	1.5097245401496489	8.382045007622061
1.565347374757416	-1.7544335239898254	-4.219393882372381
2.8770574165948952	1.0111690492433076	8.727424014585448
-4.949548242134957	-5.9078003040031115	-4.365186455358337
2.2289872113706344	-5.675626640181831	4.3737327551549345
-10.477670633176174	-8.657284115560685	-3.935759180485563
-5.570237838009833	-6.072770230151123	-11.536218996813934
-3.4538008602325045	-2.6366628717674327	-1.9414368187040587
-3.902594600419164	-1.8774943042991084	-5.917118210220374
-5.879236395939176	-4.673256925516893	2.8192276267916068
-9.28207167174873	-11.367195690006907	4.744167405115244
8.926075688439699	7.495895047284467	5.746045471639698
-6.375418320685324	-5.977921844172489	-1.3030768304605025
-14.427180833326496	-5.207896597540248	8.22675956512727
0.33312032738095304	1.7818532702274785	2.0506171452391992
7.321572178996025	4.336743852879742	-2.2692471725804624
-2.9638202169557273	3.8834224664271466	9.074951139917722
4.991012261616948	-1.8726261215655076	4.392863668260274
5.165938964157009	1.5862990491429523	-3.585292559719707
-7.042529875833915	-3.3115662479647723	4.05756405758743
3.444261029009529	-4.746021989736793	1.825082680839341
3.6183950249886436	-4.4883517247038585	-7.694203873659223
4.668304713543789	-1.8555308146555165	-3.966359712647247
1.3121703477481934	-1.581344260065494	3.679817090704468
2.9627061911252333	7.834774890545668	14.118713956182487
7.046438658367371	4.814096023869449	-4.626556225982809
4.346501778068369	-0.8311407504656801	-2.539411485445251
-12.969785486078521	4.64017524123324	3.2520956011190294
-3.635500715532512	5.6331725846834395	7.174858726835398
13.896691967842866	-3.562185346652598	-6.386153722884051
1.6877765320784575	8.971646587795489	8.924305222816368
-3.337276329051943	-6.786211137153631	6.024945821496265
-4.4619512738442095	3.0591894036313927	5.818736822859888
4.722866698628216	-4.467238823937174	2.1935072311587867
6.280674715528282	-7.526827428043036	4.820513952066388
0.44592688515471385	11.313609675593163	1.350864176932776
-4.784488051421761	4.347890207252611	-6.642344249662679
0.3355642225374634	2.1190537950249304	5.522961052753678
2.274214993416592	2.5305551588408632	4.685218958478219
9.41842460693204	5.4250152671957315	6.373710606497808
1.6146008406920838	7.697359096355792	-4.347311983566913
-7.102204180605222	1.7941401936908796	-1.9584293180417376
11.808274957510408	1.5014166565154807	-3.6686462559424777
2.6057717834160665	5.133772164859601	2.824728863399325
2.068260005197699	-6.903098857035088	-3.417363164655736
2.1219674562766224	-4.794953781926994	6.259751452220805
-2.0684508417161784	-7.304004328415879	-0.601782910539471
8.654215474442054	-4.099837653006484	4.6766012460568405
0.9088305018302596	5.556716253248215	-4.097499921789035
7.098027444707307	-3.7660501952963874	-7.785303905077489
-4.15712327080254	-9.022331245847427	-3.36406553206438
3.9822707825006516	4.160861962084123	5.817552002438965
-5.207506212325233	4.507748438584681	12.787399865680094
6.079293572160079	-3.8433542020237765	-5.647881620235883
-9.960139907025052	8.477814710013247	5.569564917359418
-4.487441387453923	-3.6738981206486905	4.199803377999412
5.7265000026300905	2.310205033045699	6.131539832811465
-6.794961781003703	7.241667476827854	-5.3521957548542956
-2.940439696669001	-10.338182550431528	6.111166995445166
3.9019691035779056	4.251283599433388	3.5652954181728904
-7.433625703531934	7.599720433682875	8.796397087404706
-7.669343579655407	-3.4075300480136135	-3.0254384966827437
-2.4160369345235013	2.0946418508369105	10.344404169034751
-5.614451615766592	-2.0875761782470956	-5.730561684856129
-3.391223183076382	3.9561997950024606	4.140340010339776
-4.344817346963559	4.389846617957372	-4.774642242593772
-3.006100139009357	6.66930129375138	3.661244398272008
-8.126849692376174	-7.712119806394336	-6.849791033575928
-5.165855422247698	5.476963406274466	-4.848689086539776
-4.675160169488954	-5.072781610565384	-2.495568672402441
5.419175861021613	-2.2113505150937254	4.392950041565019
-4.24756587017372	-7.094184093340757	-3.0197664781755815
7.197718963734166	-2.6116082863992305	-8.266114466957125
3.484022403763599	0.38312440323606634	-2.9233038872881543
-9.961990703508837	-2.6763544367904983	-8.502054317576688
-6.2906722211871156	-8.663185371374736	8.54746329462403
-3.6006932687722206	-4.3869262519758	5.462779572300419
4.476611064455011	5.347997387365375	5.552274348983956
3.181515899372732	7.056674922893707	7.471408217844713
-5.566155765889887	-5.250349411464084	-5.814988298169668
-6.798341241510596	-5.103499387052882	1.1504684420144768
-3.0206424854256726	1.851730184499081	-5.346882967371194
-2.3900603825975457	-3.8740518596844153	4.781203856165781
-3.3062174594551403	2.3789845358764747	-9.793940446612478
2.166095250953051	-5.160838425712864	-4.45166883082618
-1.0664905392993784	10.291189850105637	2.7955899428573026
-12.797562821054697	-6.373698549334345	-6.744994723960674
-2.318424719963068	5.149581244351992	7.467878901846938
1.9970450258472503	3.9250389444889797	3.746618077302821
-7.54282017694568	6.502517775292137	-4.5113048012873955
6.82580650979063	-2.613203456136969	-3.4166163687302595
-5.684414555591403	2.7655046688453964	-6.715556189539076
3.0603411964530407	-5.309538696427184	4.342256962130217
-6.468045550987867	1.6708377501497746	-3.1486275929424195
9.175555477589203	3.756011090435245	6.133253266465533
1.1116234760893733	-7.4433485732482785	-4.166391518346338
5.14450097739851	-4.104081655309652	8.520562754571467
4.137774435110875	5.743026949437123	-3.1302962064690187
5.250686853147807	9.106700953796613	-2.9486289625534936
-5.309496547346512	2.897682109697128	7.899475140376213
0.9794661327035599	2.6927506386475404	7.136927545910508
6.851892529149921	5.7887051108655525	-2.0421846943591078
5.783164950545802	2.928762173756691	-4.488391787580592
9.513314279302742	-4.846785066402511	5.230849128295581
4.982985745002325	-5.136772126575429	-1.9248015584894045
5.314720630543245	6.233206529131597	-2.7786719442587495
7.490020201244217	-4.60426717927177	1.0624770870566893
-7.808279444769966	2.5456045986454527	6.970480229328271
-6.406713012406995	3.29811971743043	-12.984089895024013
-9.9222311900959	-12.348844366046604	4.8076393541706635
2.756582496797736	-6.472010074955421	1.8432693146003318
8.564061380314525	-8.387217279389931	-1.1884373457317248
4.914537329733598	1.802855063304476	3.835715651546588
-4.571330978634747	-6.828734200782107	3.563739105217046
-2.2361135275836475	-7.039918923323685	5.587403252684448
-3.5050623905226015	2.954961761557907	-7.997266438852324
4.029997933232438	-4.627187833812297	2.189564125496897
-9.49473338569571	3.6731035950383673	-8.2456935827473
1.713343256384075	-9.677760044679669	1.1860026406071886
-6.412957241148482	-6.687112571464698	-10.356569005469085
2.587791646086197	-13.579272599259385	8.19974403120473
-4.276085121819321	8.187157249858243	7.792606658641184
4.575828979359237	1.4101660954181885	-14.799457974956104
-6.3367370357699375	-2.795225537863282	-9.050957784830167
5.952304972189987	3.5544976748022314	4.019371389944856
2.1678844748583197	-6.49206985647642	-5.632197293608085
-7.677433664249377	9.03029464823661	-4.435614707176092
-6.995113680804369	3.4265791365696154	-8.187635470139686
2.490688965138867	-4.9130427038027875	8.636679778757925
-7.409807427953551	5.976042776166876	-9.40320197210248
3.637863953939428	0.8582134616108363	5.095190008683279
9.085637585288964	-3.2321018189192796	-3.4230129348498375
-0.8522659737594431	-3.4421808618436236	1.503761572654035
-5.652819370413772	7.235803220775541	3.3850761650339174
4.742993012078005	-5.2543918445311055	2.6113523459508845
-6.56132692378953	-5.144468434353212	-5.335612327018584
-3.936909573612578	-10.954924847421376	11.261623499719336
8.405805664680697	-2.2192525392530307	6.768078891603341
11.95750289676656	3.7375064146084394	2.4053246171138523
5.421737154122916	5.537520636023547	-2.8882764199618696
-6.307532205908656	-4.9878036286483205	-7.9830264186477775
6.778713784373522	-3.2531279189998648	5.2946071657963625
-5.679165255682656	-5.345175379199594	-6.631209664702197
-0.9454605879562232	8.523107789880676	4.7902098702778275
5.050838246203629	0.9424151456755332	9.096736943743867
-4.637171100663537	0.771117808237286	-8.871043393117963
4.1514877142241415	6.61769994746205	4.213610806159499
-6.7421048344274315	-5.7389601834649575	3.734316827621786
-2.1185754386359332	1.3966176639646692	-2.9841341330822257
2.639876330344763	1.6731221595848462	-4.2943930551408975
-12.625600111720527	1.1508448446039898	4.217251496603681
4.298510033025718	-4.87893210702803	2.4835626788242053
8.138498516561661	5.518236170997037	4.655067136442131
3.6198019363748783	-3.767215016488549	1.433107907835011
5.272118178174547	4.931591205277983	4.8500552092229485
-3.774892102627869	5.144140032147301	-13.397395672278936
9.785096019662404	-2.637190436706697	5.010449856280501
1.786784727389755	2.46960024112567	7.100380866590898
1.8676566938125603	4.3856583273342515	-3.4988929646833333
9.929185351325376	-1.386405550555574	-0.9371124187676119
-6.142757159272536	4.436198137831751	-2.0803352570108786
1.810081479427877	5.379950368086532	3.5288896731389654
5.313409658053797	1.3555548392198402	0.9760774474354358
-9.907592077775726	-2.3883961794704467	-3.6114776243010467
7.682249976972992	-4.477060757455783	-1.8838610169708918
-9.208380874114873	5.13898590759805	-4.826848088121725
1.8986992513362326	-8.868637142486328	6.1868235830115275
1.9111226470790987	2.398950729785503	-4.7028490159077085
5.87756520607714	-3.876538085869039	7.452844949370936
-7.756850901618217	1.268018654985921	-6.111188029140244
3.729266089617793	-3.065922691963744	-6.6908048734441
11.407969763869021	4.954809813200028	-7.98138317223225
-3.6168206993940517	6.705318293533897	-2.7578233584327867
-5.834377555987568	1.23077991870822	5.5212324378297035
5.448280480311243	-9.564413956066854	2.3198211034461975
-2.3216845925013665	-5.360294120742932	2.9820592618121515
-9.783133519254527	2.822234752832213	-1.9689348119480408
-11.023425215277756	5.828597732129641	-6.074784756205675
-7.170196438620537	-6.234024286634769	10.902198887513386
-7.48335487768616	-2.0990578915429428	6.599344116753752
0.44099020798285565	1.35054163096217	-3.352174357490236
-3.411616913597156	7.5643315822788955	-5.450531889921302
-0.17018637987419827	5.615685215979474	-3.0559093257321055
-7.421278193108926	-6.063592253119045	4.000665600378477
1.192076014038065	-6.319431504049335	7.346193062346128
-3.1313897094566254	-4.589999310650627	-9.520662719321738
4.352405594311636	5.551114965375723	8.095252062843512
-4.807008204007772	-2.6594852011378154	-4.1994509036597165
-1.2492202081066563	5.982623665976619	4.755343441688896
-15.576040122242514	5.55357145890667	2.1099541215777586
-1.627532545873696	-8.945088745280618	-6.294309970157296
6.600651272395738	-4.702320937250477	-2.785827781626137
12.06325673168113	1.6222719433135953	-5.459984220086471
-8.746339265988158	-8.968025016809113	1.7989025035916626
-9.21196001953191	3.4234004416461077	1.387878000835431
1.88132501822528	-4.39814243662372	5.225785548938142
3.1907137854752516	1.7550471948493553	-6.580551132737681
5.442131970119069	11.15332334151202	11.741551115878266
7.41531333756551	-5.009842619346168	-4.0595829665504635
7.698270893138904	2.1988926040067707	-5.5097695913524385
2.244416230819882	-9.618649959449789	-3.1236068083374153
-6.406841814820589	1.7541651335422686	-3.1300893054044914
-4.158282883207019	-7.892045743676326	-7.37451334912698
-1.2398401742004774	-7.3394845449275214	-10.67532404117724
-5.371792918404264	3.671567862167098	-7.014964652588207
6.477340491636654	-7.143067028298582	-3.3807034959025746
1.8698364195716553	-4.883551568441534	1.707189401930107
-8.169947966653945	-2.714778794515515	5.157576056218258
4.856152413575981	-8.766093637863136	5.266870271471359
-4.9662552181768165	5.356327366460309	-4.736606777487706
5.040695785938524	-1.7485769241937965	6.530089373863215
1.2623838749909773	-9.049481376510615	6.844195106606133
9.440740166299971	-5.868060412993429	-8.128878762213741
5.479172534873632	-1.8824177600373764	-6.331247173955657
-7.327455569669413	7.033132920343312	-0.4112120372570769
-3.5960544237500995	2.7047844936587397	7.064557731910368
-9.372814083483819	8.408251344727622	-4.5958042546475
6.006985350014142	-3.00313477009169	5.225315897131351
-5.975201905957702	-4.84040764295327	7.131785627807133
-14.470819917500101	-1.7240995546792421	6.802874016010236
3.085422202012228	-2.2454874888254572	-4.014074646423482
-4.88886718243919	-6.2110290046255985	7.38587026748925
2.7218229372471128	-1.9680630199716864	2.746257367079131
5.001173870151615	7.562238862699488	9.279009473237329
-8.298743565823886	-3.2822474719523114	7.67172580163083
9.171966814494246	-6.674806384797008	3.5320744772078703
-4.696770860990944	2.9348649942511074	1.8098136502160758
8.518180189112007	-2.8059412193783944	2.8399332314512513
1.4362492204879749	-6.622657289386261	-4.863445009215895
3.659424294271309	-7.346760255048429	-5.61891927150578
-4.820582972402258	6.273118791756193	-4.935108804582239
1.92204260575098	-1.9132828218009583	-10.540283421925086
-2.851569668040438	-8.92694097031397	-8.681616936014438
-6.078672449874876	-1.350021217020328	-3.449785248159301
5.979219549084515	2.133775268270142	-8.824039035817336
-3.702300632887871	-3.8918029257711777	2.066925073244481
-2.9501245124766244	-3.5759067864824265	-9.26892625178778
7.666054121398905	0.4595310228027141	-1.9486763754038874
12.175933897114648	-0.5396820914246309	-4.4517169902613345
-5.928410802907844	-2.6016658705447067	7.406274735796505
7.2884483879937445	3.7123036512874306	3.136762196979381
-2.0082520251936296	4.222788942333905	3.462325372882057
0.4449781848901802	6.750137484661391	1.248291359049744
2.4143315165005212	-3.7837661295334453	8.163950490123268
0.7158053942931639	1.2563829207411672	6.184956302730865
-7.606664732311485	6.545637400184792	-8.498843933468557
6.0722786667807105	-8.635735129194725	6.036131262842498
2.5493602280530343	2.882339064799046	5.269005777285784
3.289327079947659	5.957657615899733	3.9420788560139006
-6.24603455292129	-10.419163226754202	3.289316771381954
2.742091570161605	4.0527651628398615	-4.758256750593158
-6.588466058673385	6.289802156545964	-4.865990526431753
-3.390653106656224	4.3905959338798155	-4.592966474609141
-3.246319717374459	4.08491552666128	1.388318206364136
-5.7989874676285185	2.1196252556518904	4.001241557592532
3.4372620186696152	-2.313941974529466	5.459646618962766
-8.672956930007283	-5.838574257756686	4.547652877931533
-7.715627563768338	3.8289437443429093	7.053198037645156
-2.5056746027301946	-7.495532326863965	-3.494803718314697
3.676617796351696	-3.2015618050349475	14.425013018919158
-4.5732229770286175	3.54548012313108	7.556257674945271
-3.5642459909439856	-4.492460135902849	-12.208442008195126
-5.24896158545356	-6.484885437013935	-12.350977503493807
-4.003286229011552	6.413434239552365	6.724869889381133
-2.9053790165876614	-6.168987737419406	-2.322693707951609
-4.1483474570192715	-6.512840215157882	-2.8250627254627014
6.541910043438411	-3.5079406981119985	-6.986447723285422
-7.188341005375494	2.045682635533803	5.482962938774676
6.294874932994241	-4.3344787468070916	-6.000169343116793
-8.081851334339751	-4.1143636702973705	3.7759369427882503
4.974681600795638	3.9964294975164543	-3.8853363125552174
-10.782452495122952	1.5250427135604676	4.850401783912368
10.192105202272687	-5.700698741916569	6.645944974191444
-3.962442946008016	11.854388380876294	-11.82893618734031
-0.8150543089417859	12.333067918359607	10.353875632691842
-6.60532704819235	-10.421841801302078	-3.104746355679618
4.327701262265349	7.570924229515178	2.9528781825307835
-8.403103413620462	2.530430715212205	-4.582768142544826
-5.553609680601991	-4.189102457847693	-3.3320480119995146
5.056057944367235	-5.811679021410853	-2.3965367962105453
5.982444535135857	-4.355237326440937	-2.827117145276903
-8.479737587635649	-1.4694165432193242	-2.2545793306806576
-6.240423883189739	2.711918188211411	4.19464616520292
-5.3788724866415505	-3.914688044463917	3.228654281531221
-8.632172330522828	-3.8461011620337016	-1.3277391899561377
-5.2359752397286545	7.312995317698121	-8.998431223423466
-2.4837990523543274	5.095722755216378	5.74288382433473
-7.183334838281275	4.478236389959911	5.775127654488272
-9.563200262187813	4.796534214275609	2.3763184352991127
4.714037063748523	5.959032437153132	-0.5886638721369851
0.1054662871118408	0.8970461617106544	6.992262626902657
3.738915766426498	-8.385795898819822	3.0197929684365477
-8.9259550240434	11.532917751897866	-5.252753024316671
5.222416109617374	-1.109965664205239	-4.180317199361399
-6.767769404620869	10.44178315576775	5.962262423481135
3.355310893639248	3.6198752965239414	5.431559624318755
9.950262318592587	-7.068667497794287	3.6101009021843797
-4.949030372067071	10.298956099556051	2.3318383232061453
3.8871320862491086	3.823261371008465	1.508018144448706
9.103051892625395	3.8893709316214333	7.845877344334094
4.576048864243646	-2.488337162929442	-6.222930097368701
2.912631948816467	-7.297100491590716	-7.664668843919534
-5.1720165333168175	-9.210752344984401	7.53388896487022
3.32287069740957	-5.8293906988415785	7.6551484661235705
-1.7674884115722647	10.479775500216043	3.1354529312423356
5.549378578193211	-6.572918177269051	-7.379732702395829
4.344677306681398	0.4340913946181276	-1.6487611080202889
7.259197703094326	6.735433530205738	-4.155804032940051
3.354596199813358	4.073253912790186	-1.4186964069485128
-4.186653035456341	2.0249888467662536	7.5358684429656755
-2.335878106162823	-5.061788292319241	8.232260170375383
-4.2034862209557105	10.533651674830555	-7.925270812632658
4.602961097296102	3.6853713641986494	5.130283843520378
3.15390803932276	-1.976610686245197	-0.7327763405465966
-1.5404989682967132	2.825433576136236	2.541164482678727
2.9574776452294183	7.891318394368306	-0.9727956146710905
3.4699115213675555	2.210028563318527	-8.025478811858761
-2.1001230476271444	4.892059875202592	8.214272645310322
-7.88245655230326	-1.8948795740733446	2.085067424736106
-1.9897886290308924	9.88428614981942	-9.04403126982476
6.85074683807564	2.096369845154526	4.959197155809755
3.952712416574948	4.731690257300231	-1.9878022532877826
2.4811128172831465	-1.1692883062289083	-3.142565067013389
-3.131748643508886	-8.419797804155976	-2.1680783560226766
-5.96017133574134	-3.7024799157287522	6.863810737490485
4.573440860105373	10.163695637363482	-1.8255369138161204
3.982684158161816	-5.153145317165222	4.544829792973462
2.8206513144097296	-4.599863971297518	-1.8429258857957413
-4.769791777146909	-0.8255751013102803	5.736486917286059
2.788612699997568	3.1277604750256875	-8.551042687957205
-6.058058949246263	6.013652288405879	8.380758563972286
2.687669205641103	2.035755282735828	-0.9575782806113131
6.038386735526062	-6.760951540080761	-1.649612538048907
-3.301637581673914	6.452550761695597	-3.376027960217487
3.906402556593874	-4.800382362332477	-3.155288436513909
-6.623977392608359	-7.090161252531742	4.122370715415652
3.411084555746145	-7.253975273450352	-9.526948217246298
-5.139246883655395	-3.9169012069561977	6.74497521623383
-6.577009854255585	4.3636454635861055	5.1991877138314395
-5.886799792827312	9.056996490178042	4.753557075924077
11.684336435905125	11.223293704660101	6.165936245114863
8.099857361816742	6.4562693045318795	-4.548750186441088
2.708038932614483	-7.506396601839144	-4.7673267006655
2.685675966759996	-2.352725696826922	11.389939731189282
-2.2389719514413375	2.2814773411107767	1.6515912134145192
3.2985390263494754	-3.74847393230951	-4.968311649176998
-3.9166316826966217	-8.775449880656154	3.893393106999837
-2.321453431941826	5.6264257617762645	1.856348392099759
3.937274955455587	7.503522191339289	2.758652272872508
-5.872768476163964	-0.39556659364358115	-8.260284366470149
-5.358350781317044	-3.8520215298688263	-3.2380649781075785
5.283753537994619	-9.251515982678164	-3.7500649860486623
8.22671373035204	4.436141762250931	4.10598231083993
7.883780604199117	-3.388119929162528	-10.129907438723492
4.067964867235501	2.4552464684640825	8.837763802871622
0.5456358386744582	7.08534578302704	-1.6929827654005245
2.234404726257698	2.2694915348532247	1.7466741763309874
-1.5111133429168266	0.20502355041998757	-4.08344230646211
5.068362397510064	8.162397135451139	7.22425602266067
-5.871533613356508	-9.365380881725828	-8.221116525137822
12.676528450667604	-2.5854654893520386	-4.37965647441736
5.187785784715714	-11.106102592601085	-2.2854567008031896
5.220519028465427	4.226360619855244	8.975708180059984
3.4772379733426595	-7.909971587986163	-3.175170702334386
7.556079114714031	6.494079327201997	-2.390631325713465
5.61232323050716	-8.797579384245516	2.282656150559541
4.758608601043331	-6.288445358463867	-8.399841998155411
9.177193777672922	4.663343344691908	-1.4026422891606891
1.9029576610425047	8.93196597893584	-7.887234940143318
-4.1726038856526255	-3.32455990786311	6.029863794795551
-7.540200099508299	12.143668430019334	7.023442251127582
4.573984965844595	2.6054199287004605	7.139162468361518
6.492323253386037	-8.387577723657673	6.049755170594263
-4.521675334656355	-6.616718825494196	4.749224904993568
8.336240705171344	-5.557400364947923	5.582186490696522
7.609616803472926	2.0313684714957367	-4.448786390785666
-8.737747575682565	3.2642417892017095	2.857475881554796
7.062407530614247	6.087007004861589	9.80648062466827
-5.971567112941278	-7.9677632260307725	3.2976188354676426
1.3866526876393903	-8.672516165330629	-7.179348557683788
-10.084482184894334	-3.4131043968951262	5.058662085103548
2.567280545098299	2.078791339087864	-4.4555812045016445
-5.389567885964885	0.5347137610648237	-5.338268177063676
-4.327608907827917	4.425391993201001	-6.306414305993246
-2.277716060018412	-5.725921578703868	3.6840949801630627
6.017556597857414	4.662072900802816	-2.8208598084927807
3.281599301156013	-3.067869543017567	-8.56238026997839
-2.0799758971987763	-1.7133333839064493	-2.833332774646556
-9.302292719022727	5.634082189247889	3.6475320250806926
-3.706880569377126	8.406998227926971	-2.885659228247292
-4.308018451245836	1.1068002350127506	-1.9270712819129523
2.4952534186292055	3.1478230293983755	4.4611596362559585
4.494678126185669	-1.745596037379277	3.684206114754147
-5.596318962989345	-0.9206908972977954	-6.763674910240525
-2.5059065783418606	4.753921403524477	-9.477458809886684
2.670102899348756	5.793980050238631	3.333858675481491
5.165412705552444	-7.22065570137019	9.67291604598403
-4.329512305560835	8.676179830758814	-10.551059201222815
5.195959830678486	5.078388817502787	4.158783159877687
-6.24236291844685	4.725406394955314	6.323935664444464
3.8904180695498027	5.037992550520835	4.865241302368156
2.6305778402932316	-1.7233109034065954	4.6087951250807855
5.941718356578748	-3.22209169864903	-1.3585363847041778
5.519444673233471	6.371812735183582	8.163128116237967
-5.6786221260777365	1.2935996251198913	-9.538003778864182
-9.828089862515519	-4.379406907381339	1.9703956522559332
5.879738673806539	8.767853986927713	3.879223441047982
-12.634062187749345	-7.458438649816852	-4.264420838615127
4.508421096384544	10.141364532152712	-9.520468933316284
4.60370344335871	-5.6364024795089405	-7.871976861158777
-2.9247155184910825	4.698988406520399	8.524629328076138
-3.992602237077515	-5.518821381836479	-3.6306189862522364
-2.2616294805284705	-4.006868649051452	4.479763943420383
3.8272278359239325	-2.853474239578935	4.291674839282192
2.512585747722911	-9.661922742029864	-1.443335894757678
-5.2079248040094726	4.1614515131188075	-4.090382475269195
-3.1497662911354456	-4.519953967596151	-1.0353805454680451
1.876003848027885	9.75124506580697	4.152236129605583
-4.379371642007286	2.0661241335788794	2.3630066062349817
0.9520971328185692	10.077061100844132	2.6275050546339616
-3.35649745676766	8.453495987150912	4.650655439092691
-2.420574660753912	0.3993177958924218	6.34388943563967
-6.980895097345634	2.6319698331168406	-2.7332560310276564
-5.433808602870115	2.63505926909562	-5.551818890990443
3.5208802107914803	-5.87870650670373	-6.577379027160517
-1.9767453439319613	4.6654615403093045	-4.513848317662352
-3.6461568584613264	-1.8899137504091215	1.1505482615927696
-1.881606408174612	8.863819870204553	3.4934988613296034
-8.767129440854564	17.4540380554608	-4.062239401758726
4.588321718232179	-3.2941883286613898	-10.437036806478533
-6.042676923108745	8.799614562874824	6.971829536550368
-2.0703011614451508	7.600200740924507	-3.55209558990185
-6.893832747912167	-2.213319219853288	-5.798006724008094
4.618656509442805	-1.9847195690438961	-5.094451833580635
8.279627347905839	12.29569636725089	-4.048215046794427
4.572410464372743	-5.004469101197156	2.9676852766746302
1.202967791875637	-12.811662970612687	-8.096809598209752
-3.446600765013099	-3.693232852188571	1.3010439046885576
5.976801983282667	-1.4174569291882737	0.7738794164881115
6.073985668199857	-5.558175035973036	-3.7663767380413793
1.3083530026254715	10.081807198481021	6.163976213281534
3.0542861852051963	-7.100698740494863	-3.069655651910514
5.907626923688084	-3.1501379302293055	-9.217228258980782
8.392400633512548	2.5849763622400395	5.424744598400975
3.22494632686379	-5.447737891028727	11.63742653645455
-7.821680735276998	-2.903389345098935	5.959554496566957
4.6246268995440865	8.830318318473111	3.847662983116182
-2.4958522133688374	5.2045256168204235	2.644118238015339
4.216507620697996	8.03113336569741	-7.986993160065121
-5.869649140299491	5.654023194020217	-4.285439644655561
-5.495880814681909	-7.667844799985717	6.743284649614532
1.6339968826932572	4.464147445812956	-7.294056326481081
-8.568436842103116	5.5004179298887985	5.7775675250594585
-2.300613062589252	4.882299837879453	2.3059804893720353
8.294735170525534	8.083474149236624	7.06869614309218
8.09901560408079	-3.608422169047693	7.6116221427619095
6.49186327090103	-6.725453164298568	-3.8334346377834043
-6.258339627794187	4.3148994031966685	3.3400474739878905
9.940268141084461	8.900942710339404	-9.277755430981287
3.618979977389798	-4.120249591445899	-7.886994400588361
-5.577026902217753	-5.742989300912188	-9.839407219892937
-7.608700186323638	3.9426005026646034	3.6295227074050183
-5.215788536670879	-2.8458304812346147	-6.256587738688884
-2.4555567563082334	-5.577611758034795	-7.607450315468427
13.940211505764477	-0.8853687847484564	-4.759877207696568
-6.180492383762055	3.8731089202187223	5.380519919120713
4.290493538465402	-2.6604647201486524	11.999518467968784
-5.090950489504318	3.879834575039713	4.669967979010482
-1.7179178896518692	-7.093287829738694	2.983624323392582
0.9069807264067318	-2.0601697145232922	8.405529130029047
-2.6388607163892175	-3.400826781780375	-0.6927826191282658
-1.9746438461122784	6.137319240240423	2.6984597033948643
-1.2744093158213907	1.7392800008973424	4.1557599597063355
5.396072680319256	1.2805436401042425	-5.076338228809136
-10.882025222310295	-2.6227862334987173	3.798731834245672
6.968089561144234	4.945875847999508	-2.113019056005051
1.505649777729342	-2.8927875731485004	-6.1947660260913935
-4.497520980576908	8.000065321248515	-3.8514614368968196
-3.301422251086847	5.201429890254934	-2.585527362194103
4.51401122894962	-2.0431027342918284	-7.469579600302029
-5.744237470365941	-1.2976808656190095	2.3879348858854805
8.328597779795883	3.553919300467568	4.890985128475029
-7.486007205464628	3.1635743449010567	-1.631659310525307
-6.542491028295496	-5.701936889943064	4.787415328396925
-6.95011956457759	-3.851256607614822	5.715762618973691
-14.418749549588265	-2.0100811589312837	3.1650364326601426
10.688664254385564	4.114098236434447	0.24412392083004908
-7.256531218962127	5.918420728596743	3.004768515065979
-0.6557281552011175	-9.865258218216145	-8.670878643136152
4.129853829739654	8.950607276209638	-5.161741790612556
-4.7208987226404115	9.493030688399035	6.418832909706625
-0.8109552673474221	-11.044832537937596	9.84866245059634
-8.131939005491184	-4.135288323428587	-3.898137109658594
-1.4188908312303568	-7.4612150077509645	-6.6096340633766335
-4.55268658580535	-6.128524166679939	6.659134928702473
3.172750358967965	-4.755276654985378	6.019485642265351
2.638315555604093	-4.787925519734298	-3.6382471555877434
2.1771797764302736	4.824730438558066	-3.526374054407586
-15.684027499746946	6.416805099044999	-5.351528345289815
-3.8846837275218515	4.558554634151189	-3.4881673397818114
-13.372233466377779	4.607262864113437	-2.424103861772507
0.0713502316444507	6.143580564683974	-5.897436625165069
-5.237785944215168	-1.1133857566595229	-3.8209897315914763
-9.431057811553066	1.9675155149774708	5.798917300721188
-1.0016148881842597	-3.5716295966354017	-7.079251076054449
-11.131592617353824	3.5925941475992182	4.876574547303729
7.262644311752723	1.4012822314231088	-5.1276040963255625
-1.3020457484506276	-4.81549453611753	-3.7650632231553924
-2.6546071253530044	-7.054860276794772	-9.7519074064793
-4.659496699676935	-7.237066221707083	-4.322356940055394
-4.097299661027146	8.194714356930396	-7.450757252017674
-6.162375724848108	3.290324247900733	-6.29312102953554
-3.7870868175735946	-6.514575841860583	3.3872123014697326
4.337477560445722	-4.519477870027969	2.6517215107095886
7.173915953744881	-4.458612386385013	-5.613415708432272
2.383149446388599	4.062502587073854	-2.185972554384009
7.052357230570793	0.13535122011386255	-2.2578363182083745
-4.254497513238971	-4.358095226754547	-4.689494927971574
-6.45068816101032	-10.15412794986917	-2.7217740438370495
1.4941368757071767	-3.1851035840740334	3.650253630122145
-4.981186349680137	-8.167793844572905	1.4858548709207857
1.2247196740798547	-6.449846530103462	-5.1081208783135335
-2.3222761022904232	-6.334159969522178	4.7199533778849
8.864391367506204	10.880740911436538	-7.578502237440896
1.5937212452928642	-5.309561850125253	-6.837147274255208
6.459588139139097	-2.944055696685679	3.6082568529610266
-3.983868799487255	-2.5273651122210476	4.754744326177072
-7.359802752279871	2.585307853863499	2.75415394939416
-11.70639545319013	-7.364843570403861	8.288981267215583
7.617095081343603	7.777724056702126	-0.5305474163977552
8.963445636145885	0.6087697997414663	1.1516877065263809
-2.002575974602413	3.524938438517833	5.230189712362497
1.3653552128757012	3.429639640608722	-1.4267089624668297
3.61274390820107	-2.843596636139768	3.813327949009758
-4.799583674259898	8.676375294495335	-1.8654037903749758
-6.758901367920966	2.3837984646907007	-4.938703601406207
1.2584510103156339	-7.882431557991947	-6.012650046837172
-4.042283537448649	-8.871370680943901	-2.0012077141538804
-5.492692351927781	-11.784319634409554	-2.1553117182726345
-3.1610375126531016	5.625580939598365	0.857939450130834
3.900502907508468	-2.5966306274148203	-5.259925138685575
-3.5328396993369413	-8.26529704617884	6.5852726180660985
-6.866553529842695	3.8883074431111635	-0.6736432780113616
-9.888500896996982	6.859553906771504	-6.910077412353632
3.4677739624840016	-2.9851548746206333	4.07196893193058
-4.691604428933513	8.39091090722685	-4.337521944330868
-3.9816387085589238	-3.017246325209548	2.5874529813300526
-3.48783590520526	-5.928244610164489	-6.484297097053637
0.019688975899834787	-4.806274373044245	-5.816534939712159
4.057399048403324	1.869909505572467	6.030494435194307
0.975436992834134	4.929202597878499	5.07807323360959
-4.081124695580468	8.58083557505583	8.405334262317792
5.837784326557288	6.673778043486131	4.531886063493746
3.891304578266741	-3.271603568752948	-5.733702156390901
2.6863492324322875	-5.300798434890153	-3.840750810728149
-5.249047686989064	-4.068036967260359	-6.7534916302130235
2.194347794199284	3.4852565376453937	4.106517634049473
-6.244406224152506	-1.9666395769816156	-7.343598245564865
-2.0177447960566988	2.997797160689013	-10.266424861956132
-8.215345631913848	6.586716074612933	-6.858213822634377
3.9766087089608435	-5.066737708174861	8.182849846244125
-4.511633307003163	3.8296714728038164	-1.8651120436752486
-6.627073858304564	2.1354655025205673	-7.986301726460225
-2.104413192690591	15.076946309366113	-4.283561830055421
