-3.028797532658098	4.219015183998672	-5.151769622186684
-3.6043544132423784	-2.9676300064867487	2.4236963935461437
5.381964616774008	5.8490004975815	-2.314373231056014
2.115371736450062	-11.063774472934739	4.5581894082185075
-4.3313616215812	-6.648826240732422	-4.600671116467179
3.8433481247690415	-1.5868223869178482	3.083674251163744
-0.5140522941513754	-4.789951717259554	8.543032900503212
6.927831215161816	1.0860694816728105	-1.4585117487494128
2.3408421496874197	3.9379961680234605	-1.5666924134850655
-3.559943853534339	-7.06862271212799	3.491059432111879
-2.3653277917674043	3.456839853497666	-7.309547376898536
-3.4062674478244226	-4.083359199195602	-3.888768713917451
-6.41160888622148	4.474887035766143	-3.0703213805426945
8.724806663240008	-1.2702945622915796	3.9186078852653226
-6.167588257280778	-3.57509355220081	5.525039310518876
-6.757618399883914	-4.2350423736631715	-6.808339240335428
-9.8114380789352	3.1913583660146596	-2.3483135401457336
-7.9547802555521425	-1.875304442499598	3.4930850969670395
5.778906617082581	4.776202479699823	13.984481871202432
9.576028934723718	-3.5569010925114544	2.599835112831539
0.6958543579872545	-1.2472144034087904	-8.036139744896724
-1.6875198396710978	5.108585373111491	2.8081166128659087
-0.6574924029624913	-4.829916054661569	-7.346826839282624
-2.498850636603088	-3.658321882474159	3.343322303349789
2.8529756084101847	-1.699317544292602	-7.674632090714061
2.067624159292103	-5.707214537428899	-2.3450086402755215
7.100624327354422	6.459361324139362	-2.817415385740448
-5.429170060404459	-3.7509329758047443	4.923958748567035
-3.24996876744248	8.699051997781778	-0.9233006220520895
7.286540761767485	3.270841796626447	-5.8044302292608725
-4.5422484558823095	7.439039914191235	6.4213719588266
6.899853791692372	-5.9578826909702185	1.6762820644029732
-6.101483932944714	-4.614884057162278	4.7839262179212385
-4.937891871276538	-5.26629829913829	8.879980946732328
10.21880396721006	5.649014689878824	4.561611005712565
-3.1896926368095584	-1.6583478958395375	-1.3185664088000744
-6.456386612789538	8.349401955376551	6.985002377772833
-7.280239653901155	-9.492958493138348	-11.456373600328163
4.0746498311874	5.117448834197435	5.728809740081324
3.4552346874243938	-5.950593555717687	-1.501964255730822
-6.018337035236336	5.369769203843613	6.777726600104062
6.776459513375652	9.667692528492827	-4.287047099999607
-4.297100863536405	-6.103469140843691	-2.6885903264300515
-6.682809588110325	2.033176867832723	-1.43042320859522
4.705473891932011	4.342391516197729	-5.616911283510885
-6.113001869340659	7.951481746850394	-8.158394010725797
-4.106586110026868	10.918319555737783	-8.505362785461017
-6.14172376817472	9.212017947036538	1.3720394803589038
10.222218943442233	6.470469406981237	-1.2817843360224717
5.099196479570352	-8.769984537545007	-2.738341342049639
-4.410366959379252	-6.172131852797764	-3.7755453731192734
2.4935745846607675	1.4171609511320644	-7.855905831452921
-8.62329450952978	-2.088276795260323	-6.649077874804836
4.4859175281371515	-2.536827000952273	-3.073830285562183
-2.300503253836288	-5.492575130598198	-0.8482654945609777
0.5268177546005441	-11.758624450179298	0.9610457796658898
-8.409740263254571	8.083475333505639	5.466655828074918
-3.9501448541121498	11.61638116918555	-2.882483011963584
-9.398561125445577	-9.147058726464406	-12.620502509963007
7.315533908809285	6.1631877926225425	1.8680735329122498
-8.223764308529178	-2.234784934451633	7.366146617130361
-1.3755081563078877	-2.2873264986691666	6.733585894667815
3.0693283242350695	3.624462164285281	4.868017839912674
-2.03740244761572	11.846023506462744	6.72393366970756
3.760236037238628	11.990305488196842	4.724955990437604
8.499874031732926	4.7672191907286	6.178396011439844
-7.245978182292499	-9.157147428941716	-11.721749462345324
-5.784265813149284	-5.132420839336455	-0.5023431021761908
5.84253305000972	-4.271498168107651	3.3127556184431484
-5.7152863421793425	4.54482982241654	-11.957465236432316
-4.454121128615496	4.295023631603065	-5.87769131017437
3.1377476838506144	-7.334602303804202	2.9263827343986453
5.119091134605427	-4.807056810618939	6.3098900911992875
10.549556538503808	-12.199841659525552	-2.2236645759830562
-6.968319643608811	7.730747955325209	4.220129906622779
-3.444098112125519	-2.6805443486782976	-12.96353853200296
3.0023725843956237	-3.0573938459561116	2.50815085155112
-2.8323600867336527	-7.9466435134639175	-2.442046706337762
6.27326296861899	5.529733361438913	-2.15257396384887
-8.797882946765734	0.9339593684965234	4.771338647311438
13.260553923933	-3.1958761435780283	-6.994352118393522
-3.63997737726273	6.2301928920795	4.414669087972364
4.515862550787977	-2.8769454492233475	3.3652945400249843
-2.368599907898548	5.539713572134521	-2.7914476281912464
1.0311432745931153	-1.4765225781201448	4.2629581608253835
-6.154135581194672	6.3943992563790015	3.292685223113374
-3.8576429044327645	-5.32350641000411	-4.15493863681007
-1.144179107909998	-4.825226925238004	-5.914385598256732
-8.177964499678943	-2.7224060073192993	11.166432908488902
6.417089528624206	-4.006992305761995	6.453929263621357
3.8304728818582396	5.813737667685852	-2.1673977667888695
-5.8683696090545014	6.722787835621066	12.451212134866005
-2.572827180063028	-4.245984793128223	7.428388322260192
5.991768025527999	3.118098323356991	-8.854332110573184
-2.688563985181509	9.908352474575533	12.473402928311195
-4.000595565259406	-3.3359035487523645	-6.606036433290993
3.5301167861672034	-1.2541571437791228	3.3722371507826656
3.128365235072874	7.52554547671201	5.607329678201482
-5.700607401083538	-2.816479052555685	3.185829400609884
3.28062892290036	6.384476155705284	-6.563627899309419
-2.683207035212588	6.671575589691666	-3.2851050853465895
5.786948382333583	2.575851301279307	6.042884562594124
6.754421968094751	-1.7053353635155077	-3.8692208391307075
9.903466829965199	6.015026225629919	-1.9355022476886155
2.408078324292419	3.7584744809667106	-0.030546687791941085
3.0857298665408823	-1.771334577963098	3.5422512763217644
1.6380036427633804	7.643028976170346	-3.484497670760347
-1.3192424733677104	3.591163798546337	2.4709609749244135
-2.1904733309818565	3.936167629795271	-6.799419739418755
-6.196801329201738	-7.539755571652567	-3.6975503419057913
1.3859952134945868	6.349819028848172	5.504561400073947
4.310731740008725	-5.67203231746212	6.711209253919693
1.483042009655791	-1.8785157371680061	6.110459802797286
10.568068612828036	-7.9262179812578575	1.904510673750334
-7.533320684870298	6.331400914846052	-0.7561929735995182
2.4589710874253523	-3.9955796863424804	10.524593583157248
-4.41567549584913	-7.329169802992842	4.426529048826907
9.785602329580623	4.819526073044938	-5.883453979670551
2.1049560418473994	-6.083089691060964	-8.948992239928305
9.311227701419542	-3.4289862161921874	3.233201090640073
-2.3985084206904657	4.933309113536074	-2.355296700976066
-6.825159218643485	-7.372208685535601	7.373851100875739
-7.540042891760553	-4.994268288366876	-5.824415648764982
-4.574612802571148	-6.663347147550393	4.274591346919494
1.9246635134037104	5.367907643879004	5.200765514280651
-5.400314401112632	-7.759640744033071	8.059525294373392
-9.323611260841648	5.374236695242427	-5.638665277116278
-0.46589729847189326	-1.8307967244970105	3.2639211388821256
-11.424139611989029	6.690190615743243	-6.672950074905578
-3.3006758479224203	6.781226074120151	-3.20487929666648
-3.6770712832657004	6.650507129280235	5.264210246783614
-8.555100966616758	6.380156881784461	5.741622537701023
-5.922846935816882	2.7758089617071464	-3.7687226026160525
2.262963074111493	8.109372904531533	-2.50774262494498
-4.451048329828838	-4.2593964449334445	-9.395280709668107
8.394448622362216	5.140576470445198	-4.161311489845408
-7.152978809093067	3.417784509744004	10.696790862550994
-3.6469191008067225	-1.034037448470659	-9.953204232548899
-7.273345515971889	-2.5144229567476315	4.773557683585175
4.4037228463844205	6.508896468327986	-3.16777383818356
-3.446862709415242	5.242388046176567	6.04711272534706
-8.454098766626396	-5.166624247570973	8.186001739674968
-5.616251305537678	-2.987993455377865	3.9306304374472907
-6.235829446359995	-4.087117837713529	-4.94827654702936
5.588172955322493	-3.8531507891107064	-6.306165023668218
-5.800256077351891	-5.9199031743559845	7.402065760933254
5.2645194883721	-1.8007026719334813	0.039656263055267094
11.978998205825295	-5.032746206065293	2.7396411963123826
9.235528565217605	-9.363785929967127	10.986932597624765
7.9407238940648375	8.110744254882885	-2.6894452032776734
-7.217834447084851	3.7791311542115293	-7.081219634749809
-7.048036667860502	4.597304084943192	3.622631033758883
-2.52246514971341	-6.307014216777751	-8.467695832902699
5.987746753429807	4.633356013778515	-6.434818975408954
-1.819499786880908	2.7099501853852983	8.51474913415647
-6.080094804884894	3.5503277689820174	-3.627075590731412
3.5537706476356097	-3.121907991173132	7.258467327538633
-3.891343418992264	-8.114816877932437	-4.770151120917867
-6.744185394551582	-4.4420972634941025	3.6926479880360907
-8.05481700062993	7.8921449860406065	-6.700736763569153
7.043809108166819	8.533573873961956	2.657934142816708
-11.502648303038352	1.8228577673376056	-6.10558670340886
-2.8974452234894557	-5.667353782532197	6.5905234358278815
6.501809597206899	3.8006357171949348	-5.0700064872783654
5.303495145299801	-4.734957164573505	-5.503479077146192
-5.570931518317786	-6.394000863905728	7.603543176123227
5.3282116014604295	-5.5377974847673626	-3.5970314775331422
-6.430084484312639	-0.8223776724973019	-3.252689313116357
3.691137766176897	5.007007280417648	-6.833955031846372
-6.3264102415205565	5.030733242442841	-9.72002827286399
4.078324382572734	5.351689306069727	6.554615535715506
-2.71116606902627	-2.599133336991962	-3.3485739869714157
6.540891620392008	-9.11689820020023	-1.9304691699199164
6.556879606240596	3.0433156080262886	5.65082729982669
-0.7879083359377161	-1.7193991799636972	4.121396595346758
-2.475550631353588	7.479715286041805	4.659801453601785
-5.026410574312022	-6.322507540475701	-3.631706568551488
1.3821284334612867	-2.291289090020946	-6.051239379503794
-4.51224340881129	2.8023184871294875	-6.360595615940622
-9.085723633747639	-2.959355712996251	5.569638550986222
-0.6864450430282236	-7.4128159528737605	-5.697470535237953
4.875789700400125	4.837655288796499	1.658274611791755
3.134971817109961	-4.388683523020712	-5.5877496331626455
-5.138756665422358	5.197741433587662	6.412207745234591
6.750316586801563	6.822395198485676	7.623581877346024
2.9366568537086413	6.513694217027907	5.3310998257079785
8.330339785479794	-4.5811337651725275	-3.2003802334482216
-3.436173094195621	3.428870057540665	13.358432669492434
-5.885076221436684	7.202990688752569	-6.147167601063262
-4.181706842698884	3.381508526296646	-5.321485784435366
-6.528897932390676	-5.263011740738754	-0.4449914981690213
7.568164926872025	1.3020869376713087	-3.6280438443178733
1.5215816116529635	6.522656837317825	5.102166913323793
6.3919993789881	-2.5260456315953093	7.688674324727685
-2.0309606123217154	2.4216367990655434	-1.1324096474091796
9.049753921949868	5.7545214956555615	-7.738819846674621
2.9392901601763204	-5.330456327673553	-3.5190951458793567
1.4717957317070094	-6.927299685071765	7.016351208308347
-11.104370967346336	-3.231171562441451	3.551040642317905
0.004809238609855632	3.570310310749643	3.752708503968101
-5.75665597399878	10.902439441984171	-11.305290628107853
-0.8794547361707163	7.736672161958568	6.383327412708548
5.041545026644317	-5.062488532870325	-2.77716836007551
2.2158869517596442	8.56761666369181	-1.5003973914480877
2.7126139133551006	7.77858824380547	-4.35199376989338
-9.060822639444202	4.225235530226776	-4.77128864069167
-4.3757710480322025	-5.835547017720941	6.044073684207917
1.110940450595836	-5.660058806437722	4.37076489794732
4.354734194480751	1.4519520822846959	-10.239432505663064
9.287395980066204	-6.681695076833808	-2.2760332677368633
-4.870091377105656	8.244283491860505	-11.90928928265041
-2.854024652656511	3.726600686081518	10.40569943959756
-3.091014812068297	5.276986628234308	2.390814159665825
7.95833073476142	5.115442493605307	-6.4263078594632015
3.4925077400651046	-6.9234212908110875	-4.71735228732486
-7.931778755102734	1.7918276042769412	-6.336912411830948
-1.211324135252717	-5.56156348890672	0.6869343394317111
2.2179908255218015	-9.001087486207766	-0.21294632692034576
-7.419201375891886	-2.8341591950469023	3.9143813523740096
-1.2301099147091987	-4.332793821621801	6.340130515417734
-1.9125378658283545	-5.436392025887133	7.363481666042109
-5.658351485194108	7.813199092146813	2.137795414416176
-2.728538426944932	-11.950734220404327	6.613299699221026
8.671324974943321	-6.084204466623419	4.247388260716603
-7.181800883310041	-4.388637582447844	6.910926829101641
-3.9237017312084976	-2.510165136087799	6.799739054746668
5.485596109531176	-1.8197556070721308	5.404724907445689
-1.8066531499368719	6.4017692498113234	0.9733712063395156
-5.334672469012761	-6.1182673981842965	6.315937095108963
-7.66739485208562	2.9560516721395462	7.527703388578157
5.410175494755375	8.758363175473473	-1.0368222352681418
-3.1177942650354864	-4.9626591942021445	-4.377602331931678
5.135376322116026	7.140145106575592	4.023308548831637
2.407651829762188	4.159777963550767	1.1763398195824055
2.1967902364274225	8.104630474662539	-3.9969069075668564
6.923091324982831	-10.352048270139319	-4.505453424371688
-2.845009557320379	-9.705241169818036	12.864540412475803
-6.707382262385885	-2.977547390308209	-3.9798413429739847
10.73529731108314	2.093949600054853	10.064618576597875
-3.2279239036450162	-4.651877898198351	4.4501200982824765
7.880657843526478	-6.521644329550753	4.397466365711453
11.585600473539758	-3.7107633517220435	2.342276484040368
1.410878673051829	-1.6957765106416327	-4.184606070317921
-5.564336628218416	-10.104816236566169	-7.738597236653735
4.741602810078061	7.455783406825297	-3.6558112453914973
-8.518939634516553	-7.88418916769741	7.8565301592308785
4.504340849471555	-1.4018190496810015	3.497105130855231
1.273906671265607	-2.2468781388411605	-1.4220513936979615
-2.7442425831196418	-3.5770869329472252	3.1641096063316305
2.32563573878023	-3.891160978604949	-3.68801951644203
7.511682425528702	3.622781794399886	-6.454722084095799
-4.885282581312804	-3.4358192872954954	-4.64037232069319
2.155475328680572	-4.681685188947574	7.196265031451422
11.876534644008956	2.0455120912792344	7.23427902911109
4.968423629398257	-3.370505540016138	-2.9766580911176392
-4.25545264139148	-12.16307821458287	-6.2059308518964444
-5.15571633679266	4.181956002639703	-1.2902226089526492
-5.9316111846817945	-4.892141254405868	4.312189521228023
1.8701781395915895	5.116803275695021	10.624492781339953
9.567003124313478	-3.9831518683543643	14.156852461346025
5.136278988766086	6.967049582653369	3.319464524529934
-2.245214952757801	-8.214516329837005	-7.975466399593314
-5.461874495562885	10.96613973315442	-7.099008775725219
-5.322012647484825	-7.117527770616161	-1.5121571491558448
2.4477092078800187	-9.322259226877192	8.472529532435445
10.551553164031649	4.432883948748006	2.235253552091373
-7.022184093220236	4.744875754312136	7.926208199214752
7.031921247123548	4.53368987645704	5.776826260104024
-8.360392653197387	-5.125113571176672	-13.211028916967836
-7.905724748343776	8.086375352152116	6.103362545948601
3.5903689312015703	-5.222955724492569	1.277735426060251
4.086633103570059	6.4498114328741405	6.412250288035361
-4.836460095594623	-5.046148107729077	3.1055269915104042
4.939835310393571	1.325672190014014	5.838036547157241
-2.5819210238151755	-6.8310871265963895	-4.72828690321744
7.079979126127078	5.184497225372356	-2.821347102691547
4.530461069316281	-3.768052502940989	2.566634343417769
-0.807703574482971	-9.05167489451346	-5.128964350492328
-9.725070451074712	-5.9381312653826415	-2.6830505527791515
-5.711227341336777	5.533736074415109	-7.180679168856992
-5.0525316990829925	-7.934016723928287	-0.9045251824941968
3.125613763363407	-3.77840503488703	5.16043034647907
9.013373121667808	6.990795585620941	7.546371233944659
3.812338933082564	7.74715196683365	6.6225761044453995
-3.9398611496148206	-2.859737548628875	-2.552604978909455
2.618745590412176	5.421459342305617	-8.701033557403141
-8.42645739970754	4.227108136470701	-0.8732969212488225
-0.9497382403130956	4.556433360861406	-0.5346692518134968
6.405958559527244	6.222105270156479	-8.963699971103615
-6.373730516890485	-2.8609276002039565	-4.432806189575085
2.1672765375469587	6.850177257066346	-3.3866461957448157
-5.835502302268848	-3.0020335222494974	7.654643497219381
-3.887208815755912	2.4870855803273857	4.645745751176138
5.55837800302386	-4.275262202966759	4.2088435897028695
-0.9168694666087451	11.088596976638105	2.775594354379569
-3.9813130492238065	2.0801416878157926	8.477238277079755
-6.924527613287413	3.1668876953434406	4.113999754330732
-3.957020008453827	3.7029026863314196	6.785358396881746
8.474409285821896	-4.518426232079533	-4.019580809790061
2.5529222320980915	-0.7702377111975962	1.879387796662538
-7.911660048850516	8.79307872048923	6.039969295001418
-3.7474411954944555	3.97183400120526	-0.9890657493059424
-4.374104329007718	2.659679520174296	-1.3238279929445076
4.444155859329417	3.8250320578355432	-7.105672823919372
-1.985769706339206	-5.589929251558919	-0.8721912072266024
-8.73543135535486	-2.327928270886265	8.427410111848062
-3.7150345721146203	-2.199520526762548	4.264985352114407
-5.639328511818578	4.37079219710121	-8.43695633736492
1.5430801696834147	-2.9769359884021207	-4.262625047825098
-3.861890920474863	5.8009014497768385	-11.390956986921815
-10.462520042808197	-6.125005388009194	1.1701140725487509
3.403247638927194	-2.7935676793403847	-4.545952622636544
2.157966577934873	-5.082876264813703	6.981754687896714
1.4279965720519712	-9.374591925831337	-1.246536870950996
-3.4196438087415206	1.8340394765042127	12.055844169832827
9.591949033806111	-3.286350317278931	-6.369222857149414
6.801525663928047	-5.699288048710629	7.842251465636254
5.415125193755601	-6.311769907227528	3.658077584491377
-1.4821725849280005	7.573485628288306	-2.0088996808851194
-3.3827314800136814	5.544795020776292	-4.5395732569575715
1.3923480264423052	-4.263169362726897	-7.269920490664585
1.378523133386529	-5.600943096973993	6.694771795644184
-3.6754502774959352	-7.800651868813737	3.0796231416836077
-3.127124893003819	-2.7322098216059905	5.02718970964314
-2.774504632579797	9.23594619788009	-3.745508341199227
5.689757089349926	5.593686437998375	-4.31543363196188
-6.198750096415701	2.768793056028914	-9.386230571614968
2.3958617882995443	-5.897992456204166	5.170349878450936
-3.136527710924978	3.598978853824785	3.372290808036204
-8.434763622381565	-6.890196949909193	3.31710760888644
-2.843689366461942	-5.2230840511103045	4.03574472699904
3.82024213995658	10.161317992276523	-2.353431315445475
-11.426739439972916	6.368403645260592	-3.0814735910645608
-4.546053640628963	-8.174467054701104	-6.840124378476066
-3.7927156449463135	-5.2026376386301125	-10.604626262544596
-5.739243370201727	-1.6552570169940433	3.351326037337931
6.424127068947561	0.8869497792339778	4.515171167912884
9.881342742813532	7.540993426015327	-5.807179403063174
-2.9421080365482997	-5.864773888616229	3.3447633760748596
-7.945103818626613	1.7997052052019047	7.665514161060739
-6.005689654541558	1.4469208054000637	1.9247775968592125
11.386497231362405	-4.156937410683941	3.561193706408616
-4.202803570847175	-3.354769319844958	-0.009996233343258998
-2.3791035290025957	2.3578117754632815	5.38210536392138
-6.762155503448443	7.631769104078917	-3.9085577083383107
2.9549261134882516	3.126788134569673	-6.792181186391581
2.679433691077725	-3.4103027406419666	-5.85512745994555
3.1083498802292286	-4.0428681562206785	12.034269464407897
-6.861927809861885	5.436748157085364	-3.247779997331434
10.233568355721129	2.651682665446947	-3.6451142817466806
-5.424322580979377	-3.992737974555015	1.8787979503703691
3.413225905107746	6.712862974171845	4.386606585081128
4.653256481125414	-6.942979951674356	-2.7132978726268133
-3.931232605052326	5.020997697355206	3.902460726590904
-7.561285860379864	-7.152775377432189	-2.528856651455669
4.097276347390129	5.953444376999899	1.4463229230832582
3.565723270208594	3.331088274051943	-8.46403442559847
-1.9711334447494175	5.301095562187654	3.8362917018694076
-8.093787613313674	2.114039070851516	1.6899258389508618
3.0281548024026175	5.4045181459067555	4.127899606195585
7.737984352184603	-8.853793068664622	-1.3775710532769154
3.5099896821698184	-5.015646340239334	8.20146437094381
-4.8441062484627695	-3.754093768550104	4.768780274682798
-6.2394086315279775	8.342551142790406	-3.7315610821844345
4.362284088985456	3.215236689962937	1.7759510908036384
2.443310689723494	7.0309576145188855	-4.451628803115588
-11.757197022562286	1.640338301919219	3.5943888237509913
11.052644394000536	-2.1282508497693935	-6.791219008189691
-11.430515827468765	-2.582944059536919	-8.360341149332092
3.5973503518436276	-4.995000731955009	4.12105837237458
-5.589734522797121	5.812532002575736	-6.563802402027586
3.1229198602043593	4.209769319138472	-8.993340100949665
-5.256372015988035	6.389972892022591	2.1423087683061195
7.400629082152562	-3.235561738748853	8.55496974604676
-11.746491851247894	-3.275970021782464	-4.22728614271514
-4.381791594176979	2.74185110903084	2.5859107613731296
-11.15931926224764	1.890741478212181	4.618201929964924
-3.4957578182606244	-8.13243701372262	5.9594199167475495
3.3000245277640046	1.8807111214085959	6.718351349217261
-4.640251243224822	-1.8420424587260256	2.7092441846866007
-3.6681766165874023	-7.733859144842318	-5.8155294728029725
-2.0497826032382473	5.573848945942315	2.4308441849491547
10.132725983827507	-5.613820564791296	-8.088163938148252
6.140585637582901	8.199206906954007	6.7196890502583795
2.4905298687986153	-6.878904831842482	6.2588707760101085
9.58187003507906	-0.40957379888534395	-5.28685886676555
7.382051830901751	-6.467088871215121	7.520714493382186
-1.6707611785873786	-10.492682167051866	4.507543212587804
-8.045304967541803	5.704841181616735	5.995772424046383
-10.016334065082129	-3.196977809247951	-4.860071713613602
-8.271113003350289	-4.364921992399497	-5.654713023702791
5.606780087372104	2.65596160140271	-5.32645181700851
-6.286381099894691	-1.254136002477329	-5.562078802437498
9.675549937230798	-5.124686436082083	-3.629075537366033
3.5482120837650455	-6.9988250722574294	6.665074170705317
12.61104796061578	-5.427378443817635	-10.13890751763602
-0.3279575419147056	4.789899885488691	9.945344151928442
5.435106657611414	2.111823277672273	-0.26005486357011376
3.13875312222295	3.596251944463445	-5.450062913458296
7.783348968777654	3.675784053600138	-3.3878072544966686
4.494791303309307	4.936160121373376	-2.5329966269570625
-0.618926333214251	3.719905451593107	-6.1305164121054885
3.4067374472112424	8.806859011941375	-6.810709138183513
-3.7288947012479734	-9.222825202273548	-5.843932312486657
-2.056164844879974	5.789728002587798	-6.782158410905467
7.692286671746448	-11.3388849494178	7.279401884140436
5.492966568111475	-7.942762365606259	-2.145819946307783
3.861503578139163	4.356981850052563	8.888455349667428
6.515606836380696	7.0626050067435555	3.8493528316115873
6.239896326754184	-0.4233636807450226	-4.137520716214665
10.900308508243052	6.012486995045185	-7.838005958517108
-6.091133003313047	5.212195319248431	14.625855263375641
-6.919016794991174	11.501470605891289	3.3827509250887964
6.088445321382999	9.64644164575468	2.4259699151625624
3.5135214446667042	-6.050905912540942	-1.829756928095665
-5.203702571874087	-3.0634402949960045	10.515224840477831
5.5243884054139745	-2.640793833919994	-3.366203114883872
7.699673747285123	7.313322527176095	3.5701531474741515
-2.9820582926061143	8.879780449846736	-3.737637829288891
10.608762705797387	4.895844176896873	-6.456591472858385
7.007534731740248	-6.080676594299777	6.937544219966804
3.2845091910786914	-3.412620589068967	9.089176896638094
-11.264293988537458	4.083751441825542	-3.5404255889096996
-7.009328197996973	-6.5700541508520445	-2.9563823484103358
-3.6472843065368914	-2.7479309141242525	-4.629906029027325
-2.6574785247925945	5.236941769002272	-4.466879515346019
1.855944318101919	-5.912147749742689	9.135948561057978
-3.3935210991129505	-2.558920579598743	-1.5902932361254685
-6.219843846515065	-2.8819085484527314	-10.844874837275468
-2.395598330523931	-1.9167104213207258	-0.5241668631133131
11.276920542950807	11.438235967537619	6.682611361522193
7.3925892603926515	3.968203595885562	3.5899918086254323
-12.22638568022781	-1.7779597112196657	7.159567263770621
-11.181445587183203	6.397706044285542	3.097739500120516
-1.029558160176808	-1.7958969650793717	6.7987010733144135
-4.673192994497053	8.347861983528265	-3.2280129390220043
3.7594044369922552	4.956462337565904	4.611775189806177
-1.0648549583457603	5.829169378114578	-2.622792477833535
10.820166538862248	8.314675372725846	2.64478583798735
-2.9921672627076794	-7.177198863058296	-2.7385279264076057
7.667775529445519	7.067496419300139	-4.358839546646136
5.312281245605129	-0.7872605301422425	2.916487742445081
12.847020195965078	-2.1693087569319753	-1.0932417205807226
-2.553874190851951	6.775057149847639	0.2604191926272663
-1.005752238512614	4.907288676514066	2.4964599677732404
-5.860422339841128	9.591120562164573	7.413850245313194
-7.177770653696684	-0.38035523239089875	6.956036416438227
5.523141047804951	5.613820250844301	-8.32295164013019
-6.512278111885356	-5.408032835784286	7.768497773025958
3.9029824913362035	-10.748098610486855	7.987838855734911
-4.7363474180426115	-1.7929005578757722	-3.1852419070136393
-3.0391162212376823	5.123617258849027	-3.608653059243413
-1.1639980815677484	3.4527222381956424	5.613548279190226
2.320285780387324	4.182012296669239	8.156687249271322
1.309850154938472	-1.2739597039458552	-6.109355683220119
4.421691805215877	-5.460808944907422	4.468082114313942
5.095742793416191	-1.136299867419784	-4.3917242019043075
8.61329537451108	-6.180661817784768	-1.1766032291327089
7.2374076078795895	-5.7179689712831365	2.023009590158624
7.293014966454789	-4.213244359091627	-7.480862696024125
3.782177379751738	-9.331850758932404	-3.463526356170928
5.8100357101474485	2.742082508274828	-3.651350912600961
7.737220630095652	3.3754940251286447	-4.316973841918643
7.703896130547041	-4.141660503644573	11.78180141592911
-4.347023220058994	0.8890986651455733	-2.437985566955547
3.6040371643440356	-7.126336555708506	11.441040955365914
-4.01545759419931	-2.7987677171098624	6.643074293299971
7.297945593072831	3.2445305200510375	-3.1647928033134516
-2.3252750908164233	10.207278223312242	-4.959058672690267
1.9840479508030366	2.9442601599439935	-6.877813648928872
-4.2939277193362315	6.250315493940898	-12.137170130932946
-8.782634790640397	-7.556299677481935	3.2423485767956004
-3.484627129503809	4.3850100798362135	-4.513971825752631
8.765743456904696	-1.7935716564441013	-4.185624715460045
9.17121970580355	6.2865775254657645	-2.8144832329517806
-2.450915486616985	14.56412218420381	-6.216557451381781
-6.791127491357191	6.718475945309757	-2.6279682237990314
-5.598421152052494	6.814654861177541	4.056123565384171
-6.89079356662926	-7.5079389936375325	-7.315704309542649
-4.51822970994431	-6.425502680647662	8.120283894327335
6.410686503435046	6.605826594142724	-8.687176026456193
10.042798024125368	-3.0551486351012023	4.8446581276388985
4.614413675987577	2.455996870755279	-2.641409636145876
-7.033118036407051	-3.366280193708516	-5.974363871772611
-6.52151125885252	2.331906954993396	2.4976650677077408
1.085287855041521	-8.799277259507079	-4.247103348315085
6.63737332293915	-0.17026260079936298	6.602155109346079
3.9685160793015264	2.433218633520667	6.18178076193695
2.9670058759530455	6.8506449713793565	2.182922196191956
6.566754634891021	-5.84706683354235	-3.527791624538698
-4.05297636657353	-7.117717970966199	8.66269500918241
6.543844707045499	7.921662634778408	1.4633801469830265
-6.86362274023127	-6.848914954565668	-3.1421969759408457
4.341279922615498	-4.7592529538456985	4.804070038728414
2.739367452276894	-1.8459806046989653	3.562481849852315
8.241664914175828	-3.5531717670099368	2.1924831847401407
-7.5536228136728765	8.732939285575641	-2.4072239629516368
2.4368375785370926	-0.9885994845202967	-11.818729160443143
7.012068575224037	-3.760610308360422	-8.622699012307868
10.492657181983157	4.129524020277404	-3.0674668672918495
-1.6801068642883057	-9.250221487821628	-5.47449197612662
-5.483923157908073	-9.458291158468763	6.659224415495684
5.482720592678741	1.8089393725187835	-5.990293756623748
-9.974223847690691	-1.1582287067483599	5.659013380416181
-3.3497799174148764	-4.480811887509236	-4.119591783957668
-5.740317111944461	-4.121441428399028	-4.935396393835251
-3.707862533359278	-8.267669324815467	3.8179450573764044
-4.301911452606719	-3.1522681263307426	1.2099326051283859
-11.45358201137169	-2.1964351729897165	-8.960003588846138
2.487544127939811	-8.905862266695365	3.463903716300829
-5.466792493623601	-5.423207026106232	5.425673316530724
5.850794257579162	5.032451018832237	-2.476577354766668
4.789299631094552	4.091892388277774	4.736969476074779
6.917868771024071	-3.59923968024269	-4.072790466773122
3.1257230402398237	2.866991753690953	5.234262273497988
-4.136645320876608	2.727855485722895	-8.631789460001716
4.200798558755775	-8.475517854971397	-3.967193882272773
-8.983458487013825	-7.845985302127713	-5.819873574683722
5.845627026115144	5.34637937981327	6.183194082021054
5.073600736350892	-4.848546195394953	-4.629511352377699
2.0994169265081215	3.4978451008788483	-8.450069264420003
8.31010313498149	-7.793249504443133	-7.471236011668795
6.294430195563471	7.183000366140555	5.91550027510369
-3.9197188296407797	-4.385379576777951	-3.7492030616657095
-3.3673342030426374	-6.846386360628543	15.27568313095808
6.407796584266547	5.179439309737328	-0.060359294805708896
-9.931650479061545	9.950050248642453	-5.225646818403141
4.546802384275294	3.3397396082193263	-7.03007804879754
8.14520534149916	-4.954151662138848	-9.692052055006718
-6.88510572488431	-5.932425820530926	9.561274289942713
-4.1068313973733455	-1.9346681290016587	-7.49172032298712
3.0611816242280026	4.298633786195481	-4.141908662577496
5.52164667192495	-6.523915273332908	-4.142983940887785
-3.795243516248636	-10.663714947945168	-0.42814869083638063
-10.863581540936327	-1.820792099057378	-15.811863372148755
4.403737863581768	5.816272294235034	-7.507663872898654
-2.485665484246779	-6.257384593077809	-4.133838935766044
-4.1957074072061	3.5253563759735664	-3.4606535209597578
-8.737187220830549	-3.1366094859701015	3.9502060213687322
-1.8466693321153778	4.216748071314551	-0.7211319096809209
-5.954014198630956	7.364306216521674	-8.838418238293578
2.159801562310591	-5.791592215684252	3.001315194230925
-6.526699300836843	-7.537497492331252	-4.032716619136282
3.6255319945799718	-4.055348074730346	5.95469762351937
-1.4707232371021823	7.187537403402605	-11.959848055578906
-0.7988444584932168	4.213936617534979	-2.702761071413781
3.551979147394852	2.7054999477472177	7.411996562784969
1.1763995785514414	-5.011028578204515	-0.4950027448681449
-7.144006243035926	3.2425284730353985	-0.04077419679276517
-6.3779042475756285	5.963357277619507	-2.899738969732718
-2.5627957541782447	4.414824550770217	5.776994952112176
-5.054133615023714	-3.776026374547026	2.499124490190736
-5.045295677644938	9.459079099078439	-5.598128204303959
6.313407485195914	7.552632754465643	14.35488211480422
-6.257649592820584	-2.009078852441756	8.366958048898196
6.549369293828405	3.423105633711496	-1.491817027720936
-5.811892491666609	5.372677154542523	-3.704092463053991
5.245980607180965	-3.8051077067076533	7.7755832709335895
-8.209655547686252	2.0205358993770433	-3.910671775446948
-4.69669517434542	4.9395126451379285	-0.8105752774889724
-1.3673925166539997	-7.140230631397859	-4.383776346412892
-6.584791658797211	-5.579853497679977	4.326036032559896
-1.710074152071983	-5.877455981256325	-2.9877364162584183
-8.815781990533507	4.421992728976667	-4.710291452311322
8.18740524490062	7.092012587848589	6.438345748274652
2.9904563087650153	-6.533494133798448	4.844027022262638
5.258654331075715	-3.9893846381260567	-2.560211313196433
-1.131819242902394	-2.9150555547371635	-5.310141269776825
-4.210429107327597	7.445896235190124	-1.8266788272515462
5.611601025804738	-2.3231680234148855	-4.568572471513202
-11.563533523061432	-4.25701799102984	-3.4556696934724838
6.445350705030807	-11.735232103817937	-1.0740330724987035
7.8595762046580875	1.599910209716641	-3.4737592813792904
-7.256688876648292	4.963868069937795	3.729888695668894
4.144303368674431	5.7910611612801155	-1.4256076532684747
4.960278692822659	3.5509060595907327	-7.076506498919582
-5.781681575030425	-0.43726643640105134	5.739110700559476
2.109721012092109	-7.477288958476662	3.809734637296975
4.919949303560503	1.5684266506439573	-9.102977421368903
-3.5175402112008403	-0.7614524992916478	-3.8584195261277516
-2.234314006743553	-2.2419747751779413	-3.5887487481997438
-4.170751601979333	4.801686703859718	-2.3379507144885525
8.435456161143724	-6.423180837371296	1.2210984253710824
5.182348378664659	2.926645198796537	-6.768675267715035
-5.352968016608218	-0.5215012275335771	-1.4185316709255695
-6.407237521368068	5.303028467313253	-5.015577689805425
-6.405767840814897	-4.204455130657304	7.846317639393145
4.371325175420785	-5.157846008868618	3.2109039215891744
-4.823807571458846	-4.935205682107816	-3.737950503456669
5.692826112032862	-1.764803443953256	-2.773740265702579
-2.0448596990190735	-4.935091364060759	3.10835354772876
5.52652139333768	9.273128749650983	-5.2381863744311925
-2.719426667834239	-6.218256490703746	6.111631777716767
-5.879701367570104	-2.513856236807495	-1.107890132808139
10.42903964110853	6.428054840224892	-8.271633627939222
-5.143940870210368	4.6761551781953425	-2.482729354999756
-4.5885438234573614	8.029271423746245	0.9176193818358879
4.626365945774472	3.8247616075844895	5.66589702559617
1.745627494233794	-8.58896498428105	-1.3180696492399373
-6.420083126690814	6.951493741014413	-2.1754516279052547
6.89289488597394	2.5449695136407993	3.0913238108916965
3.832415241024511	5.6809114762148365	-4.277546305199278
-3.200074007935662	4.915737260712747	-5.095250529163171
-2.3821390078773024	-3.8117751810933256	5.505081920734349
-6.5051978918796065	-6.395645788989092	-3.0010232331061886
-5.011897329630543	-6.233863162439404	-8.663568738279645
1.544249389995927	2.5242350064443047	11.727570520558844
2.641216069839172	-1.9072099835562215	6.058453373776801
-2.6311799628382206	2.3617849871291687	11.104498602375026
-7.416028095619624	-2.226104877475646	8.691565636290326
12.9723954778498	7.75959069228113	-4.224145963738832
-6.930579580977324	13.082899536474955	-0.8959215185239825
-2.528697301866731	-9.077751870488528	-7.909137635316226
-4.330439363440271	-4.5356992877233715	-2.8628396231474325
2.725209441335043	-0.47266658717739696	-2.2728895631220483
-1.4898241981701965	-2.9036569505003005	-5.868027459838327
4.860572106701744	-6.7714084786896125	4.588729928115524
10.983594307669158	-11.346146269868523	-9.69611093733758
-10.084591726850586	-5.111871497249009	-5.2856012535647405
4.4484380497094245	1.6207369115921921	3.8735568385223282
6.75260755129586	8.708179723909033	-6.75777500160827
4.497498855865929	-2.352604890339813	4.66063674150666
5.785202365565771	1.925193060401325	-11.53726073550082
5.675543327332475	9.966348598938685	5.58629472279457
4.503733324212022	5.35484513475659	2.5560744212312883
-5.39268906164339	8.222019199889631	-11.477431987961255
-8.009631262906657	4.556297124317253	2.1356730812075595
-4.3110442515868455	5.794815931146259	-5.550261554943923
-9.036907207759404	3.3259461774353123	-3.8261865612548585
-4.871596236998805	-3.5129269466256754	9.081400789219424
-7.969931586327911	-4.4993433526225175	3.2608387724262244
7.07510046132701	4.237384847591962	-3.9377971490576886
-5.668759791406966	3.302925982007229	8.949065835381166
-6.026360951809064	-4.7716191885568495	4.551473634790592
6.427838082688156	6.700716330345905	-4.9156228733453045
5.400134688884563	0.8944027308915858	-1.523292589102084
7.15362286026848	3.933769100927976	-5.814439509347259
4.565751689807932	-6.469795954011344	7.139865577615396
-5.135524971069799	-3.412442111050121	-6.476171145250659
2.5197586569794956	4.487184441387556	-7.996263496997704
-6.6398176934558535	3.568862138488585	-2.666253755253639
3.528222216695204	-10.685330633190976	6.035918142858718
3.2577512589419024	-7.881659068247232	-2.971202877596295
-5.034689523984732	-4.68878938830028	-1.1895326004732016
4.317073968392087	-7.660942094734011	3.292779725194425
-11.322023689519849	-6.050548200417325	-0.4036767365106405
2.820273010052188	-8.58807665132738	-5.470664598544831
9.01481394913181	4.8818356394236035	-0.9760213933224465
-6.670968197056974	-5.961014499424178	1.7607864601770582
4.66451948208507	3.5377729132744613	4.80398727154815
-4.207541836902786	-3.842483402079529	-4.118150134145337
-3.55443261136348	10.392716422985108	2.4295181012915466
-5.28475367871691	9.722638317071324	2.4226308663037677
-5.156324517788676	4.752329535101686	-8.442289400264933
3.4456665714765484	-8.01096342049328	-6.123867554990983
4.7270254537339405	-6.020262601091911	-1.70787003101871
-5.037193681454902	4.499933140982649	-5.9869877021935105
-3.7430236953711824	1.4362366274744849	-6.5484974369897335
-4.969430818490873	-5.526408126829557	14.09028065082687
1.1346875327878474	8.554536157225355	2.8533540562648785
-3.950670526043603	2.6678766260335602	-5.455484815168121
4.3279350400709555	-0.4387017099467567	3.7035860638435025
-11.611436176216788	-5.421841365668357	6.275850220532944
7.165527426464408	-4.682692736911313	6.00693673446852
-5.3633814755885645	-1.8553749000607762	-4.928972680081097
4.26854951975931	-13.807051202523105	1.1337099698421411
5.329322149821131	0.8163069096618084	-4.149119134188022
3.4064886012133644	1.24832174559677	-5.998314092190289
-3.97033118308838	-1.4751173327161586	3.9529493209985165
-5.176519723226882	-2.1199713515446654	-6.788689657658373
4.091838196593522	3.1610454048179015	4.420168285647702
-2.9269248593740262	-5.975020131669609	-0.7139604006713055
2.3698846092745955	-4.132847638909449	3.6507418264560907
9.407779009031888	-7.885455607051829	-11.455698496453328
4.244232669735189	-6.105220348603074	-6.398554697143852
-4.429015123315978	-1.8311587570761187	-7.964262591013137
8.231575086736324	-2.745412658532542	-2.971041266892646
-2.6050712072591797	10.357977593215095	2.3053777204835515
-2.477875145545056	3.0306488584953186	3.895285752423237
8.292648086525729	-4.8816547604102745	6.668416351193258
3.7634819764253256	-8.592081363266075	6.497606402450953
-2.818052144425598	-6.172605560926006	-8.983425907192947
-5.063660389977042	-7.013561224514146	-3.1001753326562436
-8.65326089389665	1.3113322694243508	-4.08744957221973
4.0182600247439675	-1.8162854034755866	-4.235804515702137
-5.253806700123051	-4.454095083964108	-4.927971895552397
5.846119726654072	4.14005315974874	7.674389169148553
-6.209025893204406	-6.263251454126624	-2.3529003486606546
2.800703315103924	6.370694805713672	0.7292903861543312
-5.336072307544655	-3.605391371080254	4.374285517927547
5.1838008562952504	1.7441374552574251	9.295801516648005
-2.685552673128179	3.306390883352994	-7.471674097993888
-6.623791760414501	-2.1920700283808507	6.837227339776714
-2.409416892476338	-5.110055228846321	-7.756923168282444
5.465991343610349	-4.925513534807617	-7.277352607578667
1.4335531383589923	-2.217015906498561	4.294660796583992
3.537120344823149	-10.963559166878749	-3.443173097579534
-2.7751990299890394	0.054875475963886866	-0.7628711759703689
-1.3103086843241734	5.2590276372679705	12.347271750263715
-3.3723693476224357	3.562624896853547	9.135806328260283
3.11936997302181	-4.5154232727184604	-8.498758366695949
-7.231302115596207	3.551094014565662	7.988948145074772
5.131702581095179	5.275351301120664	5.6624360299114995
-10.492371950208254	-3.7471526347074255	-4.43182949611066
-9.556518209925361	-3.4841932816076193	-1.931440027255491
12.403783675526283	-1.4625906339992711	-3.6878490947114315
-6.237931160380155	-5.281361994196465	2.898054979611906
5.395675432175082	-5.8621275110331	3.699310486835666
6.220525134558146	1.9775455620873752	-5.309858104961399
-0.4578557734066287	-1.1463785541429128	-3.8842871271479895
8.750718308561138	6.384931145516904	-7.709616215131742
-5.414358954932988	9.079631379299597	5.258457279510037
-4.714032003877558	-4.9814067674638	-0.032033044051594906
-6.034151043735715	4.071773223307404	-9.922615985752502
3.469192387501999	9.76178888429993	-3.174001351168005
-0.9081172372051227	6.791153074923421	-2.55551012853283
3.2213513265840144	2.65354271319135	-1.88295260757037
1.7924970460764689	-4.637049671164789	10.891628941562427
3.566954697734159	-3.007983784480987	6.18372158644026
10.869251690014492	6.390575204854355	3.9809926011290804
10.953116966247253	1.7182003590035801	-2.327033175875516
-7.406948213841658	-5.398370503747566	4.835282854225917
-5.769417500768439	-7.429796648784598	7.981468568954707
-4.856835684521676	-4.734492793594226	5.768748183388885
4.451052338519244	6.414673785973818	-6.303622609560844
6.344387328041915	6.322032447385828	-2.1765575617529596
-6.600476303879497	-8.01333662360885	-1.8949345090285465
-4.491541036920131	-9.043814176970562	-12.61249305189865
1.8425295511280884	7.9069609914993615	6.996869102758748
9.119025240722696	-6.583038848055984	-3.074328940000834
8.138132460797992	1.0207550252218551	-4.654120535046608
-0.7943189254275471	-2.448993918295337	3.723148478419837
4.57258345007855	-1.6631495273039303	5.369698697713802
1.9276679799818348	-4.292026692293281	-5.501153514478275
-2.6579864395680923	1.4926232459215625	5.251769859697275
4.084888585892067	-5.5163946756495	-1.2070600841080372
6.958525447311347	2.4794663522736133	-8.731993186379041
8.67928589001081	-4.500034103334152	6.974551923794773
-6.956463605981551	6.404961132339916	3.798291746386761
8.930622738651307	4.973681616912742	9.122950730061072
5.160685346702142	2.4655779778553946	-2.013926174564478
3.7631538419460773	4.8454588251964585	-1.4274335695400007
5.62598238654436	4.601489374369522	-4.076121747254316
-0.7114632274127617	-4.238811494213367	6.053215778584649
3.7247754271454214	-1.8803704191059676	7.843752453470541
7.295247400244672	9.373074403204269	9.286497481867478
-4.4258737164696305	5.411380721595478	9.751887803265369
-6.239953676698503	-1.5823372274170235	7.45316733760633
-8.617129010307398	1.8442688508152676	12.10958067768186
-3.904041370405463	5.82986997658759	7.379262475615305
-1.6137834731625704	-5.1662535205668885	-3.1129924101027737
3.812574889296362	2.662298737417298	-2.6441026879514165
4.434818534036084	2.37419549648474	-5.352047939160093
2.188564737498476	-2.83878081310506	-0.9652360490628246
-5.434753045014585	5.570212581319937	-5.848891778844119
-8.306067750820198	-8.80665098893969	-3.510467735325042
3.4117659597265386	-1.5106279583406599	4.875926315847108
5.535047636557481	-5.806461780310235	3.368654458765982
0.8865494462016235	5.92476989416888	-5.16985754840633
3.702898442436123	8.863161539346306	-3.2897340227265675
1.919489749841541	4.441589918958213	-4.65705196945573
2.5726915947781226	-3.419372179825652	8.789792967563958
6.348553153268062	11.27889512048393	-2.3393297669653617
-7.240118939283639	6.9357830758031485	-3.7375925673699673
-1.6440782123029443	2.7865829695236095	-6.401492187657173
-3.431232915246359	4.159361349575202	-4.3633293257415415
-3.894876142064775	-9.090876834831873	-6.257610001498358
1.2898359108867798	-1.626483687938789	-1.5308072693026
-2.318762306376736	7.258026859631103	3.8568006973493296
-4.187524246433059	-6.993342216868265	8.963579087940078
3.3391578624306444	3.979749631932985	2.7367222847378083
7.3323678924589055	-4.325216161242322	-1.5770907725997985
3.245797334311491	-4.303129460706281	3.6528389848740472
1.0601279336109632	-6.585136458076086	-9.221452183785289
-4.502188834472567	6.8814491512284865	-7.9971263933960195
7.902659120664421	7.514574978751946	-6.245418813783259
9.129332265036435	3.3801216292250347	-11.168870879860506
-1.3960975934630353	4.539145780306247	-2.9630792605041902
-1.5728676867601905	2.294919751268949	-2.873283480425971
-3.1918297593545457	3.799252039112221	-2.998452650673289
3.3123119020585663	9.899715821605897	-5.246723066410239
2.284336862449874	4.109229306518228	2.808217922199667
-1.574907287302848	-3.735135545457186	-5.166191612137151
-5.477979794452465	-5.193572927695473	-7.024410366926834
9.4995128473343	-1.2625653376836723	-1.611832276132212
5.474806224940537	9.727929918201006	-5.357823146972509
-4.407580206774138	5.32870068867653	6.322628472062736
-3.4421832811563524	-7.448641900575056	-2.1694079279767013
-5.153952904904676	-1.1556383208750183	-2.8330295852747085
-3.992206049399507	10.224927972180252	-3.299956881698114
-4.613186770397425	2.5662123313564384	6.9350371953418275
-2.8956721751936385	-6.0827957313224434	2.1038047669056397
-2.2011775265437024	-5.633413455630817	-7.205028090624607
8.731146262600218	-1.558331796908586	6.140621868826596
5.369043662898636	-2.827217955626739	8.839342446520035
-7.144682670895663	7.0250904569153585	-4.321101058269342
-2.3694961655408795	9.362201893331022	3.286574647617174
3.266599250523861	-6.251684330678214	-4.767376184778001
5.600636012330236	-4.812662066211788	-4.466753719877022
-6.508673205116672	-5.520916699223268	2.7106324291414077
-4.613758156792162	-2.8887364445759003	5.612306935747324
-7.087460855800932	-6.0407308706274705	3.804469452823546
-3.3774903174807265	2.5151802350575245	3.7909761626100207
-8.646389957666333	-4.734479428583085	-2.5564842244138832
-4.938678447036436	-2.42009643112934	7.702353067890706
7.8197693795519365	-1.3714409470701174	-3.5188050767471237
-7.342023273145815	-4.874578744753659	-6.342314039346083
-5.17739147702446	-3.353438711744704	12.287296966503122
-3.9999734639721636	4.6926332896276	-4.150462667345163
-5.127454362040182	-4.590302615084035	-7.969111977994892
1.0061285886820672	7.873741971334533	4.863273929810855
-5.26585840622552	-5.3630146817130315	5.676136666672327
-9.287736387574812	6.155485261112403	-2.706172053300325
-3.4868355883533866	8.516988494081714	1.9453940764913544
-6.942102547550386	8.639625065323651	6.578234317034435
3.3210498908882653	-6.5457146763223975	-5.172736428278676
-9.490478291758789	-4.0183017552928	-2.656245261575331
-5.682200974011881	5.299460844853793	11.234193242788848
-1.163102270206431	6.310427370844108	-7.309156482019159
3.484124287585718	-3.187385565772324	7.079475726347327
-7.487965816968999	-3.546074723618176	-2.4648874162078687
3.224501540810846	-4.936684257633501	-2.8073720944975493
4.682755271682015	2.7735039316558923	-1.5728941728935486
-4.922012256866286	3.831389554617039	8.721427344259533
-1.7006802714594051	-5.544499686654518	5.835154674305306
6.312774109489635	-7.1174822832687195	5.231643176906061
1.7690556805913795	-0.20864341730789268	-6.858370696763055
-4.16687815149857	-1.363277988348231	8.780675761898156
5.884980027341103	2.5291355139132414	-4.602414938685016
-6.653454746469644	-3.241241747555323	5.917971104048313
4.268866330511489	-4.474740219759254	2.8764219090221714
-6.557913618696058	-4.466897983842423	1.1967889324709693
-2.9678209550516472	-3.8662153464974813	10.872745200679852
9.912242601570709	10.584373608835222	-6.546739716270764
4.719171761462808	6.642907025845835	-6.282641996916513
3.3629827809928137	7.408614594967512	5.340075229066194
10.051018710735683	-4.8624362899750055	6.262223580059498
3.580633135200022	-6.714198834111398	6.694797912513523
-1.9137857247394636	5.281539939049054	4.11143425082073
6.307053307396277	-3.7728671219403367	1.3257382353755478
-3.320664468095986	2.696058179782023	7.140250719119182
4.023666272511439	2.1653152216630147	-2.1009396454171223
3.840716466140821	-0.35204058784516656	-6.646522844431724
2.717811497846251	-10.384845172867482	4.976511585371311
4.157842206011635	-2.3034485657681802	2.4799048577457166
-8.794632460047868	-9.977478711110864	5.007468868138936
-2.2861199060693282	-4.512611481272092	-10.56683557094125
1.5094557557687494	2.5373343455364914	7.1416582782613105
12.041789001184773	7.171773477331726	5.450641401343982
-12.588541514280905	8.046280482674202	5.15809875218476
4.181981553678446	-7.3577691819497675	5.412473867770975
-1.3420326608641386	-4.857182049246463	4.465238732896472
-6.013953611467695	-5.811836009289729	6.817380508147489
7.3027486985228345	-6.419691417263614	-1.6542739205919639
3.0929879379856002	-6.779111426879893	-7.601368440296449
-0.7857365954035216	-2.9788734637270715	-1.5222559148088983
2.3977616147602543	5.887151687320839	1.491879769794961
5.642794153182356	-6.88157493435536	-7.21018851614362
-3.741234880183372	-4.336005816906608	5.595827538802033
3.8394256077534696	-2.1633287267177996	-5.863562770918315
6.020488783042481	4.661531240550179	-7.005894347727061
-5.994048172675484	-6.4772849856554275	-1.1666584471100436
4.781998287152942	-8.838452065690761	3.6924694973843675
6.936526689256573	12.529289976708675	-4.201617402438397
-3.683077917818447	7.112587225118081	-6.973453878355421
-4.391257356500547	5.085662971323816	9.443397306265439
3.1091547436048184	-2.625369194101023	-5.567805041193326
-3.5126059089654906	4.618523872136344	-3.4040102814587163
7.428969875571811	1.4098565538837098	-1.3147624124722888
-4.087096035126916	8.359389413537372	10.43533777900324
8.599915100909472	-1.456276124435018	7.47921297147373
9.660968015701897	4.532166712721139	9.455226274826314
7.005024253656343	3.1918960949775808	-6.923754044912026
3.2461525374908597	2.8693053094916063	4.031045265087966
6.955259427202132	-6.14729101041129	-4.960041789820447
-3.1782914617374947	11.062056164049697	2.2368978196660554
5.974116107434185	-9.778081211181249	-6.42608980734077
-0.7001648546527632	-3.0444196224639355	-6.113136358657441
1.077854063042044	-4.033326927900597	-4.772901491630649
9.593479684152385	-6.923537043334815	7.92977768554107
6.579441974709712	2.7877205417147977	-4.983738241357482
-2.5800269060705325	-3.777366138491207	-6.824361125435764
3.593201963248374	-3.718798747406062	-6.077439336153955
4.1870517607214195	-0.4398586796586671	-0.8524928252342195
-2.8585427847057994	-1.9161375311821087	-3.524409019931862
8.566554464596674	-2.7133587571681534	-4.705072200859237
-3.956579954187311	-2.110262422197684	-1.36333087974666
5.577567784265648	4.383470795586682	-0.27415674025661396
-1.4522303391567255	-8.868780823232857	9.529061677068817
-1.6851731564742147	3.0786121214798228	5.2948240183764295
-1.6445322665988529	-3.8875273328688897	4.131066339738969
4.396675405073571	6.390827419286071	-6.366438113205058
1.8791263266773497	-4.002635313354301	-1.9352465466636848
-4.842375120862795	-2.6861706416929576	-0.08473999705099833
7.019922141806893	-10.743808155974452	-3.5699577122876356
-4.871748135285051	2.616119826089489	-7.062250599700088
-4.261975022717984	5.702401745454994	8.430070235525355
7.311924254280978	4.658226322108485	-4.879353340166711
3.2488426825504657	2.85428686020257	6.263381915175469
3.093212232351517	3.9082408495322642	-2.5010562482776972
-3.795311335770013	5.504846136059799	-3.213513896639439
-3.575960247734291	10.133138969640566	-2.1991507899495573
1.6104869428182877	-6.727628707206595	1.9886595252427575
-1.8642606892675355	-6.125123107885582	6.756759767357072
-6.545585561008235	5.839883331610686	-9.892278874192439
-4.696014750788844	6.850053559786734	-2.8123228321159175
5.054706125006135	-1.9038507541216372	-8.282932456766126
-6.50845037279958	5.432302970616025	2.9877298388430034
2.1671343716117395	-8.119734728116864	6.202184424230926
-5.119510088884323	-4.6942282048114	-7.178812658124738
3.191883513414895	6.512897227385687	-3.1865116653351104
12.366105392922709	5.328728072352843	7.3146931586190895
8.952930798924186	-2.957851308127996	-5.877597329998399
0.49974933868066895	-3.033666241506406	4.615198569311878
0.6228026609940108	-3.1750243919778467	-2.5823279741207807
-5.533606373181239	6.100945340046344	-6.518920895728755
9.759685610275826	1.4152194387037151	5.587301494499259
3.0222270527376764	-7.4972448430392085	6.685655265869787
10.514704979101017	5.770595378575201	-5.475461191679916
5.936132314921241	2.212765867400673	8.848273576591591
3.8150882375032036	9.138878889182603	3.229409745840729
-4.48476635082259	-4.470017240770579	-7.685326062661144
-3.534160061619969	-4.384635677521279	-2.506319506355411
7.8718615468207105	-2.4335051723954964	7.037105968201592
-1.2452874265201004	10.093920407938535	6.4248036513547575
-2.8929816363766734	4.023532550600333	3.987525485668641
3.2155881101604513	9.234068869826263	3.9590551857592193
-9.134149546062906	-7.912497124488403	0.31709667936623365
4.745039069255061	-2.8786236453467335	-4.385325066825089
0.7238247569943599	-8.736145742925	-8.957389314981912
-5.656073423004105	6.830392789780831	9.56194020230005
-4.241436235575792	3.0908088098096247	-5.582969370359564
-4.768651171946958	8.994541997628517	-5.987417329368433
2.2094953969631344	7.10479571052643	4.630083742515473
3.8275746472039724	4.434338226815423	6.29521331734929
3.235722229421349	4.623568271433267	-4.426784767689617
-8.257842784613262	4.509654708271347	-3.3152209254719827
-7.798192756672995	-1.189571219804123	4.631418057382528
3.4497040718273153	3.0240229249535227	8.91678386493402
8.190525652717055	1.4626020383538338	3.0897219125706052
-3.633522542184543	-4.639458638339506	3.6063152300206394
10.487975924928875	-3.8774338870366756	4.651639351185892
-1.759235744413798	-13.754401405490086	4.7384608233309224
6.40184654959525	-0.9787264069298788	-9.664350636353834
3.9124111726767548	6.971517573709371	-2.778591646303109
6.469392316736316	3.7086063840499492	-5.190374194464591
-3.679918883434195	-4.729858883149409	-2.0363223824636756
6.280188623530225	2.7743922732114608	-8.057251505056662
-7.917208886715567	-1.5772881691258733	3.034316657105443
-1.8149296763125502	-4.719211472450677	-1.5614041616191372
-7.8024874464932825	7.820554290726752	-6.693121167015088
-6.105452194522834	-7.451272905088716	6.106020376866962
-6.405863614253693	4.834407045167622	-4.900403021409169
6.575545068150354	-7.798869927763957	-5.188462464435256
-7.143312916837262	-4.724689403816822	-3.2841336272006085
-1.34294319397842	7.975672397113607	-1.9938024858108054
4.394549864150288	3.6941709431271477	-6.263501122691169
-2.035107593588864	-6.975733591501339	-6.649317778479036
-3.3512059918693393	-2.135724628338659	-1.9080599320442682
6.713463872317783	-2.656387011222426	6.300972169073386
-3.0442365830943037	-4.86108103076657	5.33832881583132
-4.9149562357193375	-4.175849825568657	-7.955517272921902
3.511115321985369	6.95258758458821	4.218997547134796
3.832146204415579	-1.7986249940965038	-3.189972402438727
-1.3298485516271092	3.7875278533991086	-0.8718463608049888
5.492137496275819	-7.168004272496485	4.563840556159673
1.8595860822421086	-3.053788516046105	-0.3967127882428978
6.926746879683692	7.179723954798465	7.6751965024928746
-1.8698037555910176	2.883982956381122	2.7355786371324915
-3.645904946420236	1.60918810864864	4.212710497620696
-4.401494817932044	-3.105034666910187	5.0944467169222865
8.429954453309803	7.352673287408883	-5.374732383438808
-1.4719702190524782	10.471826318230367	-7.266519371940242
6.001317862116307	-2.5599816900900354	-0.505283872346059
-6.187534679585236	-2.6120016690345835	8.2432139528012
5.936977318411455	5.703507570741588	-2.9975505821857285
-1.3858089989307405	-0.5669479054849738	2.238800975488184
-5.156247952869174	5.891328041112061	-3.403418202994971
8.725907133247148	-4.441427575352908	5.542973073119147
-6.828058234305526	-4.388546811914333	-10.753836804605749
-2.745151736952881	1.7287926096210011	2.1172788845107045
4.0327192465446275	-3.654333386215402	5.39357111684342
-2.264272700863288	-8.041326210348767	-6.367804738551148
3.267608255313883	9.19574746255269	-4.775634203664742
-1.7174615877486863	6.027207584883195	8.927990507969781
4.630054616059114	3.2122271264551645	-4.685058326772336
-2.1723893889363697	6.216821666775197	9.611853567546724
-5.400470661111204	6.795198629304197	5.787847940060355
1.4629083572877377	5.639080253581904	-5.381650464875038
-6.672567621451905	7.4945215939542384	4.576554310519653
-6.331899638159864	-7.5700595525393695	5.874408360783375
-11.288948284553175	5.970721756740541	2.4439592290053676
6.547268623882707	-4.136474165976348	7.270174607659441
-4.087365395080878	8.627089043623258	-7.110793958243645
6.659286830036708	-5.957084683350326	-4.15072187034173
-3.8809905341323656	-5.395946003352316	4.892821164438034
8.695285814205892	-7.658960507785783	-2.7792234488146965
-0.9562229092938273	-5.194290119312542	4.496544482687458
2.435331014323936	-6.138169414962268	-0.6528835535541325
2.010133697602832	-2.1295525047764063	-8.991789559500852
